Fit_1: PDIP, BCL_8=0.35, Beta=0, N=1000, Wichtung: 3,1,1,2

Fit-Start:    0.00215946    12450  12450  12450  12450  12450  12450  12450  12450
Fit-Result:   0.00515331    12532  12569  12176  12445  12412  12563  12360  12324


Fit_2: PDIP, BCL_8=0.35, Beta=0, N=1000, Wichtung: 3,1,1,2                    TOP !!!

Fit-Start:    0.00321467    12445  12520  12205  12335  12490  12640  12450  12800
Fit-Result:   0.00533716    12421  12511  12196  12319  12509  12551  12472  12347


Fit_3: PDIP, BCL_8=0.35, Beta=0, N=1000, Wichtung: 3,2,3,2

Fit-Start:    0.00147413    12450  12450  12450  12450  12450  12450  12450  12450
Fit-Result:   0.00272851    12517  12385  12455  12372  12540  12465  12449  12491


Fit_4: PDIP, BCL_8=0.35, Beta=0, N=1000, Wichtung: 3,2,3,2

Fit-Start:    0.00228949    12445  12520  12205  12335  12490  12640  12450  12800
Fit-Result:   0.00383537    12423  12505  12194  12327  12484  12594  12469  12359     



Fit_5: PDIP, BCL_8=0.5, Beta=0, N=1000, Wichtung: 3,1,1,2

Fit-Start:    0.00217083    12450  12450  12450  12450  12450  12450  12450  12450
Fit-Result:   0.0036632     12411  12442  12429  12353  12503  12546  12469  12385  


Fit_6: PDIP, BCL_8=0.5, Beta=0, N=1000, Wichtung: 3,1,1,2

Fit-Start:    0.00307382    12445  12520  12205  12335  12490  12640  12450  12800
Fit-Result:   0.00529329    12441  12481  12200  12322  12490  12583  12500  12346 



Fit_7: PDIP, BCL_8=0.25, Beta=0, N=1000, Wichtung: 3,1,1,2

Fit-Start:    0.0021561     12450  12450  12450  12450  12450  12450  12450  12450
Fit-Result:   0.00529877    12427  12503  12189  12328  12495  12592  12450  12351 


Fit_8: PDIP, BCL_8=0.25, Beta=0, N=1000, Wichtung: 3,1,1,2                     

Fit-Start:    0.00331148    12445  12520  12205  12335  12490  12640  12450  12800
Fit-Result:   0.00533404    12426  12507  12195  12324  12486  12594  12463  12371



Fit_9: PDIP, BCL_8=0.35, Beta=+5, N=1000, Wichtung: 3,1,1,2

Fit-Start:    0.00207804    12450  12450  12450  12450  12450  12450  12450  12450
Fit-Result:   0.00395853    12589  12566  12473  12426  12503  12402  12389  12490 


Fit_10: PDIP, BCL_8=0.35, Beta=+5, N=1000, Wichtung: 3,1,1,2                     

Fit-Start:    0.00288199    12445  12520  12205  12335  12490  12640  12450  12800
Fit-Result:   0.00552768    12398  12513  12196  12307  12508  12603  12475  12379 



Fit_11: PDIP, BCL_8=0.35, Beta=-5, N=1000, Wichtung: 3,1,1,2

Fit-Start:    0.00226865    12450  12450  12450  12450  12450  12450  12450  12450
Fit-Result:   0.00441476    12497  12181  12446  12429  12601  12459  12377  12532 


Fit_12: PDIP, BCL_8=0.35, Beta=-5, N=1000, Wichtung: 3,1,1,2                     

Fit-Start:    0.00249041    12445  12520  12205  12335  12490  12640  12450  12800
Fit-Result:   0.00490717    12459  12532  12178  12361  12510  12528  12434  12771 



Fit_13: PDIP, BCL_8=0.3, Beta=0, N=1000, Wichtung: 3,1,1,2                     

Fit-Start:    0.00326433    12445  12520  12205  12335  12490  12640  12450  12800
Fit-Result:   0.00530094    12419  12498  12197  12323  12480  12596  12473  12339 


Fit_14: PDIP, BCL_8=0.4, Beta=0, N=1000, Wichtung: 3,1,1,2                     

Fit-Start:    0.00316934    12445  12520  12205  12335  12490  12640  12450  12800
Fit-Result:   0.00527521    12427  12501  12203  12320  12484  12595  12480  12354 



























