  11800.000   0.0158201890    0.0466429690    0.0000000000    0.0000000000
  11802.030   0.0159563220    0.0464292390    0.0000000000    0.0000000000
  11804.061   0.0160925220    0.0462154050    0.0000000000    0.0000000000
  11806.091   0.0162286540    0.0460016750    0.0000000000    0.0000000000
  11808.122   0.0163648550    0.0457878400    0.0000000000    0.0000000000
  11810.152   0.0165009870    0.0455741110    0.0000000000    0.0000000000
  11812.183   0.0166371200    0.0453603810    0.0000000000    0.0000000000
  11814.213   0.0167733200    0.0451465470    0.0000000000    0.0000000000
  11816.244   0.0169094520    0.0449328170    0.0000000000    0.0000000000
  11818.274   0.0170456530    0.0447189820    0.0000000000    0.0000000000
  11820.305   0.0171817850    0.0445052520    0.0000000000    0.0000188770
  11822.335   0.0173179770    0.0442914290    0.0000000000    0.0001041942
  11824.365   0.0174541180    0.0440776870    0.0000000000    0.0002841278
  11826.396   0.0175902510    0.0438639580    0.0000000000    0.0005600943
  11828.426   0.0177264500    0.0436501230    0.0000000000    0.0009484108
  11830.457   0.0178625830    0.0434363940    0.0000000000    0.0014610909
  11832.487   0.0179987830    0.0432225590    0.0000000000    0.0020686331
  11834.518   0.0181349160    0.0430088290    0.0000000000    0.0027422917
  11836.548   0.0182710480    0.0427951000    0.0000000000    0.0034717353
  11838.579   0.0184072480    0.0425812650    0.0000000000    0.0042250249
  11840.609   0.0185433810    0.0423675350    0.0000000000    0.0049396616
  11842.640   0.0186795810    0.0421537000    0.0000000000    0.0055521774
  11844.670   0.0188157130    0.0419399710    0.0000000000    0.0060380219
  11846.701   0.0189518470    0.0417262410    0.0000000000    0.0064054753
  11848.731   0.0190880460    0.0415124070    0.0000000000    0.0066518666
  11850.761   0.0192241790    0.0412986770    0.0000000000    0.0067745684
  11852.792   0.0193603790    0.0410848420    0.0000000000    0.0068056038
  11854.822   0.0194965120    0.0408711120    0.0000000000    0.0067703913
  11856.853   0.0196326930    0.0406573070    0.0000000000    0.0066805277
  11858.883   0.0197688440    0.0404435480    0.0000000000    0.0065617352
  11860.914   0.0199049770    0.0402298180    0.0000000000    0.0064269988
  11862.944   0.0200411770    0.0400159830    0.0000000000    0.0062644236
  11864.975   0.0201773100    0.0398022540    0.0000000000    0.0060637567
  11867.005   0.0203135090    0.0395884190    0.0000000000    0.0058080786
  11869.036   0.0204496420    0.0393746890    0.0000000000    0.0054745292
  11871.066   0.0205857750    0.0391609600    0.0000000000    0.0050687534
  11873.096   0.0207219750    0.0389471250    0.0000000000    0.0046123767
  11875.127   0.0208581070    0.0387333950    0.0000000000    0.0041140934
  11877.157   0.0209943070    0.0385195600    0.0000000000    0.0035801364
  11879.188   0.0211304400    0.0383058310    0.0000000000    0.0030375671
  11881.218   0.0212665730    0.0380921010    0.0000000000    0.0025276105
  11883.249   0.0214027720    0.0378782660    0.0000000000    0.0020794597
  11885.279   0.0215389050    0.0376645370    0.0000000000    0.0017012311
  11887.310   0.0216751050    0.0374507020    0.0000000000    0.0013996184
  11889.340   0.0218112380    0.0372369720    0.0000000000    0.0011825930
  11891.371   0.0219474070    0.0370231850    0.0000000000    0.0010362092
  11893.401   0.0220835710    0.0368094080    0.0000000000    0.0009390888
  11895.431   0.0222197040    0.0365956780    0.0000000000    0.0008841263
  11897.462   0.0223559030    0.0363818440    0.0000000000    0.0008638596
  11899.492   0.0224920360    0.0361681140    0.0000000000    0.0008605425
  11901.523   0.0226282360    0.0359542790    0.0000000000    0.0008605377
  11903.553   0.0227643690    0.0357405490    0.0000000000    0.0008605326
  11905.584   0.0229005680    0.0355268200    0.0000000000    0.0008605291
  11907.614   0.0230367670    0.0353129850    0.0000000000    0.0008605283
  11909.645   0.0231729000    0.0350992550   -0.0012250856    0.0008605265
  11911.675   0.0233090980    0.0348854220   -0.0098527143    0.0008605222
  11913.706   0.0234452660    0.0346716970   -0.0120560360    0.0008605170
  11915.736   0.0235814250    0.0344579720   -0.0142592010    0.0008605136
  11917.766   0.0237176210    0.0342441430   -0.0164629870    0.0008605128
  11919.797   0.0238537510    0.0340304180   -0.0186656880    0.0008605147
  11921.827   0.0239899480    0.0338165880   -0.0208366790    0.0008605191
  11923.858   0.0241261460    0.0336028610   -0.0195748610    0.0008605243
  11925.888   0.0242623020    0.0333890940   -0.0174370590    0.0008605276
  11927.919   0.0243984770    0.0331753000   -0.0152989840    0.0008605301
  11929.949   0.0245346090    0.0329615720   -0.0131615720    0.0008605327
  11931.980   0.0246708410    0.0327477380   -0.0110225810    0.0008605372
  11934.010   0.0248046010    0.0325340090   -0.0128366460    0.0008605405
  11936.041   0.0249335880    0.0323201720   -0.0225483570    0.0008605431
  11938.071   0.0250625100    0.0321064410   -0.0322552870    0.0008189698
  11940.102   0.0251914330    0.0318927090   -0.0419622180    0.0006183316
  11942.132   0.0253204830    0.0316788720   -0.0516787100    0.0001630485
  11944.162   0.0254425730    0.0314651400   -0.0614225650   -0.0005655851
  11946.193   0.0250223110    0.0312513200   -0.0741026420   -0.0015619640
  11948.223   0.0245059430    0.0310376090   -0.0872969820   -0.0027674531
  11950.254   0.0239893220    0.0308238970   -0.1004978200   -0.0040525266
  11952.284   0.0234727010    0.0306100800   -0.1136986600   -0.0053224492
  11954.315   0.0229563330    0.0303963670   -0.1268930000   -0.0064824162
  11956.345   0.0221568320    0.0301825330   -0.1323290500   -0.0073906219
  11958.376   0.0209130100    0.0299687780   -0.1255553900   -0.0079295899
  11960.406   0.0196684550    0.0297550030   -0.1187777100   -0.0079750990
  11962.437   0.0184241410    0.0295411630   -0.1120013600   -0.0074360090
  11964.467   0.0171803180    0.0293274080   -0.1052276900   -0.0063786531
  11966.497   0.0159585310    0.0291135480   -0.0981934550   -0.0049612924
  11968.528   0.0156774880    0.0288998160   -0.0804745870   -0.0033304226
  11970.558   0.0155089270    0.0286859820   -0.0614782060   -0.0016283163
  11972.589   0.0153404490    0.0284722520   -0.0424911750    0.0000518271
  11974.619   0.0151719700    0.0282585220   -0.0235041450    0.0016161484
  11976.650   0.0150034070    0.0280446880   -0.0045075088    0.0029192301
  11978.680   0.0152447620    0.0278309590    0.0098889558    0.0038957677
  11980.711   0.0159987350    0.0276171250    0.0185335440    0.0045473261
  11982.741   0.0167523360    0.0274033980    0.0271738790    0.0048749655
  11984.772   0.0175059370    0.0271896700    0.0358142120    0.0049646822
  11986.802   0.0182602810    0.0269758360    0.0444630580    0.0049768904
  11988.832   0.0190156900    0.0267541910    0.0527692500    0.0049943165
  11990.863   0.0198194960    0.0256849040    0.0521994850    0.0050244205
  11992.893   0.0206261910    0.0245834260    0.0510227930    0.0050689807
  11994.924   0.0214328970    0.0234819330    0.0498460840    0.0051558409
  11996.954   0.0222403760    0.0223799250    0.0486682480    0.0053079718
  11998.985   0.0230470700    0.0212784470    0.0474915560    0.0055209256
  12001.015   0.0239617230    0.0169129180    0.0461818610    0.0057968945
  12003.046   0.0249834320    0.0092876375    0.0447404500    0.0061505009
  12005.076   0.0260061360    0.0016586927    0.0432976370    0.0065679512
  12007.107   0.0270278590   -0.0059666790    0.0418562100    0.0070150662
  12009.137   0.0280495680   -0.0135919590    0.0404148000    0.0075041955
  12011.168   0.0290951470   -0.0217233910    0.0391335200    0.0081125858
  12013.198   0.0306766330   -0.0428517510    0.0415454670    0.0088835139
  12015.228   0.0322672510   -0.0641120880    0.0440119280    0.0097743727
  12017.259   0.0338563030   -0.0853619600    0.0464759630    0.0108234010
  12019.289   0.0354453570   -0.1066118300    0.0489399970    0.0121874000
  12021.320   0.0370351910   -0.1278721700    0.0514052450    0.0138963300
  12023.350   0.0395547830   -0.1536523600    0.0559297290    0.0158840510
  12025.381   0.0428178480   -0.1830696700    0.0621008720    0.0183460260
  12027.411   0.0460793070   -0.2124725100    0.0682689760    0.0216249560
  12029.442   0.0493407660   -0.2418753500    0.0744370790    0.0257425320
  12031.472   0.0526041290   -0.2712926700    0.0806087840    0.0305201580
  12033.503   0.0563049880   -0.3029711700    0.0877254770    0.0358890170
  12035.533   0.0638674670   -0.3554374800    0.1031817200    0.0416584530
  12037.563   0.0714991930   -0.4082054100    0.1187879400    0.0473698190
  12039.594   0.0791339370   -0.4609942000    0.1344003300    0.0526774870
  12041.624   0.0867701630   -0.5137672500    0.1500157500    0.0575430290
  12043.655   0.0944018890   -0.5665351800    0.1656219700    0.0620067700
  12045.685   0.1042387900   -0.6407324100    0.1927159600    0.0658969300
  12047.716   0.1154697800   -0.7284972900    0.2270917900    0.0690304820
  12049.746   0.1267071900   -0.8163053900    0.2614872900    0.0724848570
  12051.777   0.1379428200   -0.9040702700    0.2958773200    0.0777262720
  12053.807   0.1491738000   -0.9918351600    0.3302531500    0.0851794390
  12055.838   0.1615889100   -1.0826595000    0.3662597400    0.0950141800
  12057.868   0.1806229500   -1.1918721000    0.4113201500    0.1069884500
  12059.898   0.1997601400   -1.3011732000    0.4565405100    0.1196800200
  12061.929   0.2188784900   -1.4104205000    0.5017163700    0.1316391800
  12063.959   0.2379968400   -1.5196678000    0.5468922200    0.1426617800
  12065.990   0.2571246100   -1.6289688000    0.5920903300    0.1539534700
  12068.020   0.2833804800   -1.7365110000    0.6387422700    0.1668712800
  12070.051   0.3132346600   -1.8432524000    0.6861719100    0.1808729500
  12072.081   0.3430615000   -1.9499414000    0.7335581100    0.1947262100
  12074.112   0.3728975900   -2.0566634000    0.7809590200    0.2079800000
  12076.142   0.4027298700   -2.1633718000    0.8283538600    0.2196373400
  12078.173   0.4343259100   -2.2657874000    0.8770617800    0.2293210900
  12080.203   0.4731957300   -2.3505146000    0.9311523500    0.2381229800
  12082.234   0.5120464000   -2.4352001000    0.9852162900    0.2457138000
  12084.264   0.5509162200   -2.5199272000    1.0393069000    0.2508879700
  12086.294   0.5897794800   -2.6046127000    1.0933883000    0.2523142800
  12088.325   0.6286367100   -2.6892981000    1.1474614000    0.2484573700
  12090.355   0.6642518600   -2.7450642000    1.1963563000    0.2390173900
  12092.386   0.6985979700   -2.7896603000    1.2432292000    0.2254122600
  12094.416   0.7329609900   -2.8342783000    1.2901252000    0.2089623500
  12096.447   0.7673240200   -2.8788743000    1.3370212000    0.1906278600
  12098.477   0.8016701300   -2.9234704000    1.3838942000    0.1711887500
  12100.508   0.8320439600   -2.9527412000    1.4236129000    0.1513345800
  12102.538   0.8504411400   -2.9359785000    1.4417908000    0.1327855200
  12104.569   0.8688526600   -2.9192076000    1.4599829000    0.1160051900
  12106.599   0.8872535900   -2.9024450000    1.4781645000    0.0999749300
  12108.629   0.9056549000   -2.8856786000    1.4963465000    0.0844130330
  12110.660   0.9239926900   -2.8689114000    1.5144135000    0.0690479980
  12112.690   0.9310447800   -2.8140545000    1.5121828000    0.0521163140
  12114.721   0.9347753600   -2.7482847000    1.5039624000    0.0327720420
  12116.751   0.9385022700   -2.6825472000    1.4957501000    0.0122009590
  12118.782   0.9422310300   -2.6167773000    1.4875337000   -0.0089924153
  12120.812   0.9459579400   -2.5510398000    1.4793214000   -0.0315034500
  12122.843   0.9435415300   -2.4792518000    1.4640086000   -0.0557568290
  12124.873   0.9271490800   -2.3936695000    1.4325436000   -0.0807284940
  12126.904   0.9107686800   -2.3081293000    1.4011014000   -0.1050250400
  12128.934   0.8943802000   -2.2225469000    1.3696439000   -0.1279391800
  12130.964   0.8779997900   -2.1370067000    1.3382019000   -0.1484984900
  12132.995   0.8614924300   -2.0514665000    1.3065747000   -0.1655512400
  12135.025   0.8334750500   -1.9696770000    1.2585258000   -0.1790066900
  12137.056   0.8030070100   -1.8886858000    1.2069842000   -0.1896169000
  12139.086   0.7725239600   -1.8076548000    1.1554174000   -0.1977125100
  12141.117   0.7420408900   -1.7266636000    1.1038506000   -0.2028159000
  12143.147   0.7115685900   -1.6456612000    1.0523019000   -0.2045082900
  12145.178   0.6811166900   -1.5646660000    0.9921649300   -0.2028621800
  12147.208   0.6507230400   -1.4837428000    0.9168969400   -0.1982761100
  12149.239   0.6203144200   -1.4027798000    0.8415918800   -0.1914680000
  12151.269   0.5899058000   -1.3218566000    0.7662868100   -0.1832755500
  12153.299   0.5594971800   -1.2408935000    0.6909817600   -0.1740669100
  12155.330   0.5291923800   -1.1599571000    0.6157315900   -0.1641423100
  12157.360   0.5060436300   -1.0778711000    0.5419165800   -0.1539116300
  12159.391   0.4838811800   -0.9955840600    0.4682312300   -0.1434136000
  12161.421   0.4617405300   -0.9133375500    0.3946184000   -0.1327866800
  12163.452   0.4395889800   -0.8310505200    0.3209693100   -0.1227162000
  12165.482   0.4174483400   -0.7488040000    0.2473564800   -0.1137097000
  12167.513   0.3986679300   -0.6719322400    0.1760500900   -0.1053140600
  12169.543   0.3845874400   -0.6025598800    0.1079151500   -0.0966671650
  12171.574   0.3705205900   -0.5332216800    0.0398462340   -0.0876536920
  12173.604   0.3564468200   -0.4638493200   -0.0282562010   -0.0786181890
  12175.635   0.3423799800   -0.3945111100   -0.0963251120   -0.0690412600
  12177.665   0.3285711200   -0.3252028800   -0.1650732500   -0.0581708480
  12179.695   0.3232663600   -0.2581526300   -0.2543596400   -0.0461534340
  12181.726   0.3187612500   -0.1913045100   -0.3455336000   -0.0328844600
  12183.756   0.3142539200   -0.1244234600   -0.4367524700   -0.0175603210
  12185.787   0.3097487900   -0.0575753240   -0.5279270100   -0.0002100505
  12187.817   0.3052392700    0.0093057271   -0.6191902000    0.0180273840
  12189.848   0.3081488600    0.0837921570   -0.7296516700    0.0363365370
  12191.878   0.3193395800    0.1668131700   -0.8616543900    0.0551328120
  12193.909   0.3305358300    0.2498750700   -0.9937221200    0.0748621090
  12195.939   0.3417320600    0.3328960800   -1.1257899000    0.0948355740
  12197.970   0.3529282900    0.4159579900   -1.2578576000    0.1153673500
  12200.000   0.3647819200    0.4989790000   -1.3913752000    0.1391299000
  12202.030   0.3975365500    0.6334573100   -1.5726564000    0.1680030800
  12204.061   0.4309705300    0.7680018700   -1.7555424000    0.2017561300
  12206.091   0.4644045200    0.9024801800   -1.9384286000    0.2401440100
  12208.122   0.4978385200    1.0370248000   -2.1213146000    0.2822840200
  12210.152   0.5312560600    1.1715031000   -2.3041107000    0.3249057300
  12212.183   0.5826051500    1.3361853000   -2.5064741000    0.3646858400
  12214.213   0.6500761300    1.5279939000   -2.7265742000    0.4009935200
  12216.244   0.7174807000    1.7197081000   -2.9464576000    0.4354363100
  12218.274   0.7849184700    1.9115167000   -3.1664494000    0.4686662600
  12220.305   0.8523230400    2.1032309000   -3.3863328000    0.4988448400
  12222.335   0.9212505600    2.2969015000   -3.6098832000    0.5245256800
  12224.365   1.0097160000    2.5152373000   -3.8801528000    0.5451132800
  12226.396   1.0984402000    2.7339269000   -4.1510089000    0.5598388800
  12228.426   1.1872082000    2.9527242000   -4.4219983000    0.5697322900
  12230.457   1.2759324000    3.1714138000   -4.6928545000    0.5771975400
  12232.487   1.3647440000    3.3902110000   -4.9639773000    0.5833962600
  12234.518   1.4555952000    3.5836387000   -5.1809128000    0.5877791300
  12236.548   1.5479627000    3.7590434000   -5.3594052000    0.5887256800
  12238.579   1.6403758000    3.9345345000   -5.5379855000    0.5825746400
  12240.609   1.7327496000    4.1099391000   -5.7164898000    0.5662318300
  12242.640   1.8252019000    4.2854302000   -5.8951460000    0.5398929500
  12244.670   1.9140107000    4.4474444000   -6.0575797000    0.5048699500
  12246.701   1.9785353000    4.5134924000   -6.1104370000    0.4616072900
  12248.731   2.0426797000    4.5784784000   -6.1614615000    0.4117843600
  12250.761   2.1068242000    4.6434323000   -6.2124860000    0.3593787200
  12252.792   2.1709687000    4.7084183000   -6.2635106000    0.3064505100
  12254.822   2.2350814000    4.7733723000   -6.3145100000    0.2519709500
  12256.853   2.2690317000    4.7505779000   -6.3080406000    0.1950448100
  12258.883   2.2858982000    4.6781430000   -6.2690467000    0.1388475700
  12260.914   2.3027687000    4.6057182000   -6.2300435000    0.0859853430
  12262.944   2.3196402000    4.5332577000   -6.1910382000    0.0358096050
  12264.975   2.3365033000    4.4608329000   -6.1520520000   -0.0108091370
  12267.005   2.3474811000    4.3669032000   -6.1034043000   -0.0511809150
  12269.036   2.3289675000    4.1657260000   -6.0065065000   -0.0857135680
  12271.066   2.3104613000    3.9645488000   -5.9096538000   -0.1164466700
  12273.096   2.2919460000    3.7632725000   -5.8127532000   -0.1427959200
  12275.127   2.2734398000    3.5620954000   -5.7159005000   -0.1625779200
  12277.157   2.2549235000    3.3608191000   -5.6189953000   -0.1750655800
  12279.188   2.2292316000    3.1338164000   -5.5201465000   -0.1816416300
  12281.218   2.2003932000    2.8954512000   -5.4204822000   -0.1835201100
  12283.249   2.1715406000    2.6569685000   -5.3207689000   -0.1813125900
  12285.279   2.1427021000    2.4186033000   -5.2211046000   -0.1760237700
  12287.310   2.1138353000    2.1801206000   -5.1213421000   -0.1683173700
  12289.340   2.0867234000    1.9399451000   -5.0279365000   -0.1580007800
  12291.371   2.0656469000    1.6933658000   -4.9564100000   -0.1458570200
  12293.401   2.0445713000    1.4467970000   -4.8848865000   -0.1330139000
  12295.431   2.0234943000    1.2002836000   -4.8133580000   -0.1204133600
  12297.462   2.0024089000    0.9536488800   -4.7418013000   -0.1090009600
  12299.492   1.9813522000    0.7071355200   -4.6703317000   -0.0988642180
  12301.523   1.9675501000    0.4759316100   -4.6182130000   -0.0887798640
  12303.553   1.9561989000    0.2499825900   -4.5726418000   -0.0777240400
  12305.584   1.9448423000    0.0240335710   -4.5270481000   -0.0660378040
  12307.614   1.9334855000   -0.2020267300   -4.4814544000   -0.0548408190
  12309.645   1.9221343000   -0.4279757500   -4.4358833000   -0.0449151710
  12311.675   1.9127875000   -0.6391218600   -4.3875973000   -0.0366327100
  12313.706   1.9086663000   -0.8114379300   -4.3323261000   -0.0303560600
  12315.736   1.9045451000   -0.9837540300   -4.2770560000   -0.0257258450
  12317.766   1.9004229000   -1.1561550000   -4.2217717000   -0.0216426560
  12319.797   1.8963027000   -1.3284710000   -4.1665147000   -0.0174582650
  12321.827   1.8922004000   -1.5008720000   -4.1109773000   -0.0133461080
  12323.858   1.8908067000   -1.6355586000   -4.0209744000   -0.0095952008
  12325.888   1.8900961000   -1.7611987000   -3.9223134000   -0.0060275007
  12327.919   1.8893854000   -1.8868548000   -3.8236397000   -0.0024876573
  12329.949   1.8886749000   -2.0124719000   -3.7249967000    0.0009049880
  12331.980   1.8879640000   -2.1381510000   -3.6262837000    0.0044154441
  12334.010   1.8886678000   -2.2406858000   -3.5127409000    0.0090170677
  12336.041   1.8921983000   -2.2971180000   -3.3694536000    0.0152181370
  12338.071   1.8957270000   -2.3535225000   -3.2262367000    0.0227091480
  12340.102   1.8992557000   -2.4099269000   -3.0830199000    0.0314442730
  12342.132   1.9027879000   -2.4663591000   -2.9396620000    0.0416701050
  12344.162   1.9063849000   -2.5226378000   -2.7965230000    0.0529503860
  12346.193   1.9178673000   -2.5119765000   -2.6623007000    0.0644441670
  12348.223   1.9307029000   -2.4903731000   -2.5296935000    0.0761851380
  12350.254   1.9435447000   -2.4687698000   -2.3970209000    0.0888338390
  12352.284   1.9563866000   -2.4471558000   -2.2643484000    0.1024506000
  12354.315   1.9692221000   -2.4255524000   -2.1317411000    0.1160813400
  12356.345   1.9864408000   -2.3815190000   -2.0017881000    0.1293660600
  12358.376   2.0105316000   -2.3022697000   -1.8761743000    0.1423965300
  12360.406   2.0346366000   -2.2230126000   -1.7504866000    0.1545206500
  12362.437   2.0587368000   -2.1437320000   -1.6248232000    0.1650913800
  12364.467   2.0828276000   -2.0644827000   -1.4992094000    0.1752391900
  12366.497   2.1071501000   -1.9847708000   -1.3733381000    0.1868232200
  12368.528   2.1408685000   -1.8782532000   -1.2391006000    0.2001729100
  12370.558   2.1757029000   -1.7687393000   -1.1038696000    0.2147158200
  12372.589   2.2105201000   -1.6592794000   -0.9687050800    0.2305899200
  12374.619   2.2453372000   -1.5498194000   -0.8335406100    0.2478262300
  12376.650   2.2801719000   -1.4403055000   -0.6983084800    0.2653409100
  12378.680   2.3209945000   -1.3217400000   -0.5727632300    0.2824582700
  12380.711   2.3693067000   -1.1917236000   -0.4593281800    0.2977903300
  12382.741   2.4175949000   -1.0617711000   -0.3459489700    0.3087686800
  12384.772   2.4658833000   -0.9318186200   -0.2325697500    0.3133997700
  12386.802   2.5142191000   -0.8018021400   -0.1190788400    0.3102306400
  12388.832   2.5622681000   -0.6719286600   -0.0071389426    0.2985338000
  12390.863   2.6020434000   -0.5504477700    0.0549658830    0.2797761200
  12392.893   2.6413088000   -0.4293531400    0.1140915300    0.2561721200
  12394.924   2.6805748000   -0.3082570700    0.1732179800    0.2287428000
  12396.954   2.7198782000   -0.1871042600    0.2324010500    0.1982203800
  12398.985   2.7591437000   -0.0660096270    0.2915267000    0.1656212300
  12401.015   2.7856291000    0.0460623510    0.3317423900    0.1334418700
  12403.046   2.7993085000    0.1490013500    0.3530085400    0.1044253900
  12405.076   2.8130012000    0.2519898100    0.3742953800    0.0786515270
  12407.107   2.8266808000    0.3549300400    0.3955617800    0.0557618300
  12409.137   2.8403603000    0.4578690300    0.4168279200    0.0361511500
  12411.168   2.8534176000    0.5610413900    0.4371692700    0.0183003040
  12413.198   2.8501922000    0.6688899100    0.4332909400    0.0001324596
  12415.228   2.8468097000    0.7768357600    0.4291798300   -0.0178786100
  12417.259   2.8434304000    0.8847284600    0.4250727800   -0.0345124470
  12419.289   2.8400513000    0.9926211600    0.4209657300   -0.0504061640
  12421.320   2.8366704000    1.1005670000    0.4168566500   -0.0676217260
  12423.350   2.8244991000    1.2046194000    0.4032555500   -0.0870653690
  12425.381   2.8052985000    1.3056507000    0.3820642000   -0.1075845600
  12427.411   2.7861071000    1.4066324000    0.3608832800   -0.1280425200
  12429.442   2.7669159000    1.5076139000    0.3397023700   -0.1470227800
  12431.472   2.7477142000    1.6086452000    0.3185099000   -0.1622765000
  12433.503   2.7274248000    1.7057815000    0.2963240000   -0.1730919300
  12435.533   2.6974448000    1.7678655000    0.2652832700   -0.1811968900
  12437.563   2.6673045000    1.8293656000    0.2340979600   -0.1888116500
  12439.594   2.6371523000    1.8908901000    0.2029003400   -0.1969210900
  12441.624   2.6069942000    1.9523962000    0.1716966400   -0.2045717400
  12443.655   2.5768540000    2.0138964000    0.1405113500   -0.2107183600
  12445.685   2.5439896000    2.0514559000    0.1165316800   -0.2150261000
  12447.716   2.5094199000    2.0737607000    0.0971524970   -0.2172894500
  12449.746   2.4748316000    2.0960765000    0.0777628760   -0.2190482800
  12451.777   2.4402464000    2.1183813000    0.0583750370   -0.2233386600
  12453.807   2.4056767000    2.1406861000    0.0389958530   -0.2320213100
  12455.838   2.3697722000    2.1589125000    0.0205207390   -0.2448356700
  12457.868   2.3262569000    2.1521383000    0.0073433696   -0.2600422600
  12459.898   2.2826312000    2.1453139000   -0.0058002296   -0.2749321800
  12461.929   2.2390485000    2.1384928000   -0.0189308930   -0.2869874200
  12463.959   2.1954658000    2.1316717000   -0.0320615570   -0.2949265900
  12465.990   2.1518616000    2.1248472000   -0.0451986890   -0.2990903500
  12468.020   2.1051103000    2.0978951000   -0.0610231570   -0.3013851400
  12470.051   2.0567294000    2.0608517000   -0.0782117630   -0.3037252400
  12472.081   2.0083943000    2.0238266000   -0.0953841220   -0.3064832400
  12474.112   1.9600441000    1.9867900000   -0.1125618100   -0.3086559900
  12476.142   1.9117001000    1.9497582000   -0.1297373000   -0.3085516500
  12478.173   1.8638309000    1.9086719000   -0.1463319100   -0.3048359900
  12480.203   1.8179917000    1.8507073000   -0.1604962400   -0.2979144700
  12482.234   1.7721751000    1.7927712000   -0.1746536000   -0.2896043400
  12484.264   1.7263360000    1.7348066000   -0.1888179400   -0.2818582500
  12486.294   1.6805055000    1.6768705000   -0.2029796200   -0.2760325800
  12488.325   1.6346803000    1.6189344000   -0.2171396400   -0.2718119000
  12490.355   1.5927219000    1.5574074000   -0.2265968200   -0.2673423200
  12492.386   1.5522763000    1.4945401000   -0.2342393000   -0.2607472300
  12494.416   1.5118109000    1.4316418000   -0.2418855500   -0.2515664100
  12496.447   1.4713455000    1.3687745000   -0.2495318000   -0.2410866200
  12498.477   1.4308999000    1.3059072000   -0.2571742900   -0.2310147700
  12500.508   1.3921406000    1.2458583000   -0.2625522800   -0.2226122600
  12502.538   1.3585163000    1.1943825000   -0.2611262500   -0.2166348000
  12504.569   1.3248666000    1.1428815000   -0.2596991500   -0.2125549000
  12506.599   1.2912346000    1.0914058000   -0.2582727900   -0.2082715200
  12508.629   1.2576027000    1.0399186000   -0.2568464400   -0.2015885800
  12510.660   1.2239967000    0.9884291100   -0.2553905700   -0.1919138100
  12512.690   1.1967675000    0.9453855300   -0.2470664700   -0.1799392200
  12514.721   1.1713762000    0.9047303400   -0.2367228100   -0.1664707800
  12516.751   1.1460099000    0.8640951600   -0.2263893200   -0.1526817000
  12518.782   1.1206312000    0.8234399700   -0.2160507400   -0.1398438400
  12520.812   1.0952649000    0.7828047900   -0.2057172500   -0.1280119900
  12522.843   1.0731077000    0.7445558100   -0.1942389300   -0.1163459100
  12524.873   1.0582514000    0.7117142100   -0.1801553500   -0.1044163100
  12526.904   1.0434063000    0.6788887800   -0.1660824800   -0.0929087470
  12528.934   1.0285540000    0.6460471800   -0.1520027000   -0.0831314930
  12530.964   1.0137089000    0.6132217500   -0.1379298600   -0.0757857810
  12532.995   0.9988786300    0.5803963100   -0.1238605000   -0.0709939300
  12535.025   0.9875239000    0.5539315800   -0.1114401700   -0.0686115620
  12537.056   0.9768995100    0.5287546300   -0.0993698120   -0.0676067640
  12539.086   0.9662698800    0.5035652800   -0.0872935080   -0.0666448140
  12541.117   0.9556402400    0.4783883400   -0.0752171990   -0.0653014060
  12543.147   0.9450143500    0.4532078600   -0.0631451500   -0.0637535240
  12545.178   0.9347980800    0.4296317100   -0.0520981020   -0.0622450850
  12547.208   0.9253130000    0.4089081000   -0.0428702020   -0.0609218950
  12549.239   0.9158232400    0.3881742900   -0.0336377570   -0.0598097200
  12551.269   0.9063334900    0.3674506800   -0.0244053100   -0.0588980640
  12553.299   0.8968437300    0.3467168700   -0.0151728660   -0.0579439990
  12555.330   0.8873755900    0.3259583200   -0.0059534332   -0.0565627270
  12557.360   0.8791508500    0.3021349500    0.0026441076   -0.0545972780
  12559.391   0.8710952100    0.2778720000    0.0111614870   -0.0520424150
  12561.421   0.8630475200    0.2536209800    0.0196704850   -0.0488771600
  12563.452   0.8549958500    0.2293580200    0.0281836730   -0.0452263630
  12565.482   0.8469481500    0.2051070100    0.0366926700   -0.0414101740
  12567.513   0.8401987400    0.1800646100    0.0451527300   -0.0376510130
  12569.543   0.8352656100    0.1539000700    0.0535521950   -0.0340118540
  12571.574   0.8303372800    0.1277484100    0.0619434580   -0.0305030770
  12573.604   0.8254065300    0.1015838700    0.0703388530   -0.0272845080
  12575.635   0.8204782100    0.0754322150    0.0787301170   -0.0246322200
  12577.665   0.8155789000    0.0492731500    0.0871277900   -0.0227655930
  12579.695   0.8119485000    0.0226993620    0.0955973620   -0.0218421040
  12581.726   0.8084297800   -0.0038933983    0.1040695400   -0.0219043080
  12583.756   0.8049093200   -0.0304992560    0.1125459000   -0.0227789030
  12585.787   0.8013905900   -0.0570920150    0.1210181200   -0.0241357100
  12587.817   0.7978684100   -0.0836978730    0.1294986100   -0.0256678420
  12589.848   0.7938069400   -0.1090256600    0.1385247000   -0.0271750220
  12591.878   0.7891392900   -0.1329400300    0.1481694200   -0.0285940720
  12593.909   0.7844693400   -0.1568661800    0.1578188700   -0.0298183390
  12595.939   0.7797993900   -0.1807805600    0.1674683300   -0.0307541070
  12597.970   0.7751294500   -0.2047067100    0.1771177900   -0.0312787300
  12600.000   0.7704582000   -0.2286210800    0.1867847800   -0.0312949090
  12602.030   0.7655772700   -0.2482152000    0.1977519900   -0.0310213820
  12604.061   0.7606903500   -0.2678189600    0.2087468900   -0.0307913400
  12606.091   0.7558034100   -0.2874130700    0.2197418000   -0.0307941400
  12608.122   0.7509164900   -0.3070168400    0.2307367000   -0.0312083550
  12610.152   0.7460319500   -0.3266109500    0.2417261900   -0.0321146860
  12612.183   0.7407332200   -0.3451152300    0.2527793500   -0.0333060930
  12614.213   0.7350580000   -0.3626527400    0.2639004700   -0.0346784950
  12616.244   0.7293883800   -0.3801816200    0.2750106400   -0.0362628120
  12618.274   0.7237159700   -0.3977191400    0.2861263000   -0.0380184080
  12620.305   0.7180463500   -0.4152480200    0.2972364700   -0.0398701670
  12622.335   0.7122918600   -0.4323845400    0.3081550600   -0.0415659460
  12624.365   0.7054584700   -0.4442289200    0.3164901200   -0.0427787180
  12626.396   0.6986119200   -0.4559945300    0.3247810400   -0.0433884720
  12628.426   0.6917620100   -0.4677659400    0.3330760600   -0.0434339870
  12630.457   0.6849154600   -0.4795315500    0.3413669800   -0.0430404450
  12632.487   0.6780621700   -0.4913029500    0.3496660800   -0.0424895410
  12634.518   0.6713845700   -0.4984099000    0.3534106900   -0.0419979640
  12636.548   0.6648274300   -0.5021931600    0.3539139800   -0.0416058050
  12638.579   0.6582670800   -0.5059782900    0.3544175000   -0.0413413250
  12640.609   0.6517097300   -0.5097615600    0.3549208000   -0.0412020190
  12642.640   0.6451463500   -0.5135466800    0.3554245600   -0.0411655190
  12644.670   0.6385890100   -0.5169150800    0.3551694300   -0.0412182760
  12646.701   0.6320302100   -0.5173101600    0.3496234900   -0.0413299970
  12648.731   0.6254681600   -0.5176715300    0.3439986400   -0.0414538410
  12650.761   0.6189061100   -0.5180327300    0.3383737900   -0.0415641270
  12652.792   0.6123440700   -0.5183941000    0.3327489400   -0.0416541210
  12654.822   0.6057852500   -0.5187553000    0.3271268600   -0.0417200170
  12656.853   0.5991894900   -0.5177706100    0.3205097000   -0.0417663100
  12658.883   0.5925753600   -0.5160248000    0.3133319100   -0.0417963660
  12660.914   0.5859592400   -0.5142792300    0.3061519800   -0.0418104110
  12662.944   0.5793429500   -0.5125328000    0.2989718400   -0.0418117650
  12664.975   0.5727299200   -0.5107872400    0.2917952400   -0.0417815920
  12667.005   0.5661279900   -0.5079130100    0.2854072500   -0.0416967600
  12669.036   0.5595979200   -0.4994040200    0.2829846700   -0.0415554040
  12671.066   0.5530710600   -0.4908950300    0.2805633000   -0.0413331360
  12673.096   0.5465410000   -0.4823818400    0.2781407100   -0.0408933380
  12675.127   0.5400141400   -0.4738728500    0.2757193300   -0.0401425090
  12677.157   0.5334820000   -0.4653596600    0.2732959800   -0.0390994840
  12679.188   0.5276091400   -0.4540347900    0.2749389500   -0.0377706970
  12681.218   0.5220253700   -0.4414710300    0.2783689100   -0.0361935450
  12683.249   0.5164388500   -0.4289010600    0.2818005500   -0.0345175980
  12685.279   0.5108550700   -0.4163372900    0.2852305000   -0.0328925190
  12687.310   0.5052658100   -0.4037673300    0.2886638300   -0.0313925320
  12689.340   0.4999050000   -0.3923252000    0.2918126500   -0.0301395990
  12691.371   0.4953230600   -0.3848080600    0.2939784200   -0.0292320590
  12693.401   0.4907413200   -0.3772912400    0.2961441100   -0.0288022790
  12695.431   0.4861593500   -0.3697761100    0.2983099000   -0.0289350180
  12697.462   0.4815753800   -0.3622572800    0.3004766300   -0.0295609100
  12699.492   0.4769937500   -0.3547421500    0.3026389800   -0.0305516620
  12701.523   0.4718588000   -0.3497421700    0.3030956200   -0.0317843780
  12703.553   0.4665412600   -0.3455838600    0.3029786300   -0.0330710650
  12705.584   0.4612211000   -0.3414255500    0.3028615800   -0.0342333690
  12707.614   0.4559009300   -0.3372651900    0.3027445300   -0.0351921630
  12709.645   0.4505833800   -0.3331068800    0.3026275500   -0.0358210150
  12711.675   0.4452112700   -0.3287319500    0.3022092000   -0.0359948590
  12713.706   0.4397055600   -0.3238020200    0.3010079900   -0.0356671600
  12715.736   0.4341996900   -0.3188720800    0.2998067400   -0.0348697750
  12717.766   0.4286925500   -0.3139397200    0.2986052100   -0.0336820040
  12719.797   0.4231881100   -0.3090097900    0.2974042800   -0.0322351660
  12721.827   0.4176843700   -0.3040774200    0.2962025500   -0.0306712420
  12723.858   0.4131516700   -0.2987350500    0.2949415100   -0.0291183760
  12725.888   0.4088595900   -0.2932922900    0.2936662600   -0.0276666660
  12727.919   0.4045669600   -0.2878488200    0.2923908500   -0.0263422060
  12729.949   0.4002756500   -0.2824070400    0.2911158300   -0.0251555530
  12731.980   0.3959814300   -0.2769625900    0.2898399400   -0.0241664600
  12734.010   0.3919153800   -0.2716591800    0.2890069600   -0.0234309590
  12736.041   0.3883013000   -0.2666298200    0.2890579300   -0.0229588920
  12738.071   0.3846890000   -0.2616029400    0.2891088900   -0.0227595560
  12740.102   0.3810767100   -0.2565760600    0.2891598400   -0.0228248490
  12742.132   0.3774608500   -0.2515467000    0.2892108400   -0.0230887380
  12744.162   0.3738477600   -0.2465171800    0.2892658300   -0.0234566390
  12746.193   0.3700168900   -0.2400752300    0.2904129500   -0.0238650430
  12748.223   0.3661520900   -0.2334059700    0.2917405900   -0.0242799570
  12750.254   0.3622853900   -0.2267367200    0.2930688800   -0.0246837420
  12752.284   0.3584187000   -0.2200641700    0.2943971700   -0.0250296340
  12754.315   0.3545539000   -0.2133949100    0.2957248100   -0.0252769650
  12756.345   0.3506481000   -0.2064977700    0.2957584700   -0.0253842350
  12758.376   0.3466827300   -0.1992510300    0.2937568200   -0.0253129240
  12760.406   0.3427150300   -0.1920035900    0.2917539800   -0.0250556040
  12762.437   0.3387481100   -0.1847539800    0.2897515500   -0.0246452800
  12764.467   0.3347827400   -0.1775072300    0.2877498900   -0.0241203370
  12766.497   0.3308239600   -0.1703138900    0.2856729200   -0.0235100330
  12768.528   0.3273035100   -0.1667344800    0.2797725600   -0.0228402130
  12770.558   0.3238330900   -0.1635492100    0.2734359900   -0.0221403470
  12772.589   0.3203643700   -0.1603655200    0.2671025400   -0.0214584890
  12774.619   0.3168956600   -0.1571818300    0.2607690900   -0.0207734910
  12776.650   0.3134252100   -0.1539965700    0.2544325000   -0.0200085440
  12778.680   0.3102783900   -0.1516289500    0.2482155600   -0.0191436640
  12780.711   0.3075362400   -0.1502812200    0.2421481700   -0.0181871920
  12782.741   0.3047954400   -0.1489341500    0.2360837700   -0.0171172170
  12784.772   0.3020546400   -0.1475870900    0.2300193600   -0.0159619550
  12786.802   0.2993111300   -0.1462393600    0.2239489800   -0.0148133610
  12788.832   0.2965855100   -0.1448922900    0.2179170300   -0.0137139180
  12790.863   0.2947574600   -0.1435445300    0.2138029600   -0.0126340650
  12792.893   0.2929720800   -0.1421974400    0.2097801600   -0.0115572620
  12794.924   0.2911866700   -0.1408503200    0.2057573100   -0.0105322410
  12796.954   0.2893995500   -0.1395025800    0.2017306100   -0.0096241566
  12798.985   0.2876141600   -0.1381554800    0.1977078100   -0.0088292603
  12801.015   0.2861610700   -0.1368077400    0.1964737100   -0.0081237737
  12803.046   0.2850417100   -0.1354606500    0.1980295200   -0.0075042211
  12805.076   0.2839212600   -0.1341129200    0.1995868700   -0.0069421276
  12807.107   0.2828018800   -0.1327658100    0.2011427000   -0.0064390442
  12809.137   0.2816825100   -0.1314187300    0.2026985000   -0.0060587462
  12811.168   0.2805678300   -0.1300709800    0.2043944500   -0.0058650434
  12813.198   0.2795893300   -0.1287239300    0.2096986900   -0.0058860710
  12815.228   0.2786111400   -0.1273762100    0.2150422300   -0.0061010583
  12817.259   0.2776339200   -0.1260291600    0.2203805000   -0.0064482303
  12819.289   0.2766567000   -0.1246821100    0.2257187700   -0.0068982762
  12821.320   0.2756789800   -0.1233343900    0.2310596800   -0.0074519898
  12823.350   0.2744302300   -0.1219873300    0.2349192400   -0.0080987141
  12825.381   0.2729647100   -0.1206395800    0.2375942300   -0.0088037173
  12827.411   0.2714999200   -0.1192925000    0.2402679200   -0.0094784462
  12829.442   0.2700351300   -0.1179454200    0.2429416100   -0.0100157670
  12831.472   0.2685695900   -0.1165976700    0.2456166500   -0.0103425320
  12833.503   0.2670919500   -0.1152505900    0.2479155200   -0.0104348480
  12835.533   0.2655046000   -0.1139028200    0.2468168700   -0.0103240790
  12837.563   0.2639162100   -0.1125557300    0.2456624600   -0.0100857940
  12839.594   0.2623271900   -0.1112081000    0.2445076100   -0.0097905216
  12841.624   0.2607378600   -0.1098608700    0.2433525400   -0.0094806705
  12843.655   0.2591494700   -0.1085137700    0.2421981400   -0.0091715571
  12845.685   0.2577218600   -0.1071661000    0.2392368800   -0.0088632689
  12847.716   0.2563976000   -0.1058191500    0.2351292200   -0.0085564224
  12849.746   0.2550726800   -0.1044715400    0.2310195000   -0.0082672729
  12851.777   0.2537478000   -0.1031246000    0.2269098800   -0.0080272258
  12853.807   0.2524235500   -0.1017776400    0.2228022300   -0.0078529451
  12855.838   0.2511128300   -0.1004300200    0.2179538800   -0.0077482779
  12857.868   0.2498880700   -0.0990829530    0.2086643700   -0.0077145536
  12859.898   0.2486624200   -0.0977352260    0.1993483500   -0.0077347887
  12861.929   0.2474379900   -0.0963881620    0.1900414900   -0.0077794188
  12863.959   0.2462135600   -0.0950410990    0.1807346300   -0.0078339158
  12865.990   0.2449885300   -0.0936933710    0.1714232000   -0.0078948791
  12868.020   0.2437289300   -0.0923463140    0.1617324600   -0.0079608212
  12870.051   0.2424505000   -0.0909985970    0.1518399800   -0.0080312615
  12872.081   0.2411733200   -0.0896515420    0.1419571400   -0.0081033565
  12874.112   0.2398957500   -0.0883040700    0.1320712400   -0.0081716805
  12876.142   0.2386183300   -0.0869567700    0.1221866100   -0.0082268647
  12878.173   0.2373366800   -0.0856097100    0.1132643300   -0.0082563695
  12880.203   0.2360391300   -0.0842619650    0.1083445000   -0.0082510195
  12882.234   0.2347422100   -0.0829148820    0.1034270800   -0.0082076868
  12884.264   0.2334446600   -0.0815671360    0.0985072390   -0.0081242495
  12886.294   0.2321473800   -0.0802200540    0.0935884200   -0.0080012115
  12888.325   0.2308502000   -0.0788729710    0.0886699910   -0.0078460471
  12890.355   0.2296492100   -0.0775252150    0.0838039900   -0.0076665762
  12892.386   0.2284859700   -0.0761781180    0.0789610970   -0.0074668932
  12894.416   0.2273221500   -0.0748303570    0.0741158190   -0.0072527071
  12896.447   0.2261583200   -0.0734832600    0.0692705400   -0.0070379571
  12898.477   0.2249950800   -0.0721361630    0.0644276470   -0.0068389696
  12900.508   0.2238599600   -0.0707884100    0.0590228500   -0.0066825883
  12902.538   0.2228114900   -0.0694413420    0.0519429870   -0.0065999856
  12904.569   0.2217622400   -0.0680936110    0.0448579310   -0.0066075956
  12906.599   0.2207134900   -0.0667465430    0.0377762850   -0.0067093711
  12908.629   0.2196647800   -0.0653991720    0.0306948280   -0.0069025593
  12910.660   0.2186158600   -0.0640517440    0.0236133170   -0.0071676041
  12912.690   0.2174018200   -0.0627046780    0.0167884700   -0.0074753986
  12914.721   0.2161390000   -0.0613569500    0.0100301750   -0.0078100296
  12916.751   0.2148774300   -0.0600098860    0.0032785309   -0.0081555277
  12918.782   0.2136152300   -0.0586621570   -0.0034764386   -0.0084951244
  12920.812   0.2123536600   -0.0573150930   -0.0102280830   -0.0087999850
  12922.843   0.2110354000   -0.0559680190   -0.0160477550   -0.0090355809
  12924.873   0.2095879600   -0.0546202600   -0.0197475540   -0.0091663100
  12926.904   0.2081416500   -0.0532731640   -0.0234444310   -0.0091691413
  12928.934   0.2066946400   -0.0519254060   -0.0271431280   -0.0090412525
  12930.964   0.2052483400   -0.0505783100   -0.0308400040   -0.0087987398
  12932.995   0.2038015500   -0.0492312140   -0.0345373070   -0.0084732033
  12935.025   0.2025633100   -0.0479466410   -0.0369128510   -0.0081006865
  12937.056   0.2013676100   -0.0466753300   -0.0390213650   -0.0077174926
  12939.086   0.2001713200   -0.0454033940   -0.0411309180   -0.0073375304
  12941.117   0.1989750400   -0.0441320830   -0.0432404710   -0.0069550136
  12943.147   0.1977791800   -0.0428605950   -0.0453492810   -0.0065631213
  12945.178   0.1967000000   -0.0417493600   -0.0474567580   -0.0061863245
  12947.208   0.1958277800   -0.0409221550   -0.0495603460   -0.0058308419
  12949.239   0.1949551400   -0.0400945410   -0.0516649690   -0.0054585174
  12951.269   0.1940825000   -0.0392673360   -0.0537695940   -0.0050546456
  12953.299   0.1932098600   -0.0384397230   -0.0558742170   -0.0046223485
  12955.330   0.1923420400   -0.0376175460   -0.0579766530   -0.0041361060
  12957.360   0.1918469800   -0.0372364420   -0.0599811760   -0.0035837111
  12959.391   0.1914037100   -0.0369167250   -0.0619739460   -0.0030049911
  12961.421   0.1909608600   -0.0365971660   -0.0639647550   -0.0024422402
  12963.452   0.1905178000   -0.0362774490   -0.0659565440   -0.0019097428
  12965.482   0.1900749700   -0.0359578890   -0.0679473530   -0.0014096386
  12967.513   0.1897908000   -0.0356875940   -0.0696800790   -0.0009579373
  12969.543   0.1897291100   -0.0354862510   -0.0710521670   -0.0005896665
  12971.574   0.1896674900   -0.0352850070   -0.0724229050   -0.0003172049
  12973.604   0.1896058300   -0.0350836640   -0.0737943180   -0.0001318814
  12975.635   0.1895442000   -0.0348824200   -0.0751650560   -0.0000325071
  12977.665   0.1894834100   -0.0346811650   -0.0765292500   -0.0000021001
  12979.695   0.1894791100   -0.0344798370   -0.0774244520   -0.0000000001
  12981.726   0.1894791100   -0.0342785960   -0.0782835180    0.0000000000
  12983.756   0.1894791100   -0.0340772570   -0.0791430050    0.0000000000
  12985.787   0.1894791100   -0.0338760170   -0.0800020700    0.0000000000
  12987.817   0.1894791100   -0.0336746790   -0.0808619820    0.0000000000
  12989.848   0.1894791100   -0.0334734390   -0.0817074480    0.0000000000
  12991.878   0.1894791100   -0.0332722010   -0.0825377250    0.0000000000
  12993.909   0.1894791100   -0.0330708630   -0.0833684120    0.0000000000
  12995.939   0.1894791100   -0.0328696250   -0.0841991000    0.0000000000
  12997.970   0.1894791100   -0.0326682880   -0.0850297870    0.0000000000
  13000.000   0.1894791100   -0.0324670490   -0.0858600640    0.0000000000
