11800.000000  847.457627  0.000000 
11802.035864  847.311440  0.000000 
11804.071727  847.165303  0.000000 
11806.107591  847.019216  0.000000 
11808.143454  846.873180  0.000000 
11810.179318  846.727194  0.000000 
11812.215181  846.581259  0.000000 
11814.251045  846.435374  0.000000 
11816.286908  846.289539  0.000000 
11818.322772  846.143754  0.000000 
11820.358635  845.998020  0.000000 
11822.394499  845.852336  0.000000 
11824.430362  845.706702  0.000000 
11826.466226  845.561118  0.000000 
11828.502089  845.415584  0.000000 
11830.537953  845.270100  0.000000 
11832.573816  845.124666  0.000000 
11834.609680  844.979283  0.000000 
11836.645543  844.833949  0.000000 
11838.681407  844.688666  0.000000 
11840.717271  844.543432  0.001353 
11842.753134  844.398248  0.001371 
11844.788998  844.253114  0.001390 
11846.824861  844.108030  0.001410 
11848.860725  843.962996  0.001429 
11850.896588  843.818012  0.001450 
11852.932452  843.673078  0.001470 
11854.968315  843.528193  0.001491 
11857.004179  843.383358  0.001513 
11859.040042  843.238573  0.001535 
11861.075906  843.093837  0.001557 
11863.111769  842.949151  0.001580 
11865.147633  842.804515  0.001604 
11867.183496  842.659929  0.001628 
11869.219360  842.515392  0.001652 
11871.255223  842.370904  0.001678 
11873.291087  842.226467  0.001704 
11875.326950  842.082078  0.001730 
11877.362814  841.937740  0.001757 
11879.398677  841.793450  0.001785 
11881.434541  841.649210  0.001813 
11883.470405  841.505020  0.001843 
11885.506268  841.360879  0.001873 
11887.542132  841.216787  0.001903 
11889.577995  841.072745  0.001935 
11891.613859  840.928752  0.001968 
11893.649722  840.784808  0.002001 
11895.685586  840.640914  0.002035 
11897.721449  840.497069  0.002071 
11899.757313  840.353273  0.002107 
11901.793176  840.209526  0.002144 
11903.829040  840.065828  0.002183 
11905.864903  839.922180  0.002223 
11907.900767  839.778580  0.002264 
11909.936630  839.635030  0.002306 
11911.972494  839.491529  0.002350 
11914.008357  839.348077  0.002395 
11916.044221  839.204674  0.002442 
11918.080084  839.061319  0.002491 
11920.115948  838.918014  0.002541 
11922.151812  838.774758  0.002593 
11924.187675  838.631551  0.002647 
11926.223539  838.488392  0.002703 
11928.259402  838.345283  0.002762 
11930.295266  838.202222  0.002823 
11932.331129  838.059210  0.002887 
11934.366993  837.916247  0.002954 
11936.402856  837.773333  0.003024 
11938.438720  837.630467  0.003098 
11940.474583  837.487650  0.003175 
11942.510447  837.344882  0.003257 
11944.546310  837.202162  0.003344 
11946.582174  837.059492  0.003437 
11948.618037  836.916869  0.003535 
11950.653901  836.774296  0.003641 
11952.689764  836.631771  0.003756 
11954.725628  836.489294  0.003881 
11956.761491  836.346866  0.004019 
11958.797355  836.204486  0.004171 
11960.833219  836.062155  0.004344 
11962.869082  835.919873  0.004541 
11964.904946  835.777638  0.004773 
11966.940809  835.635453  0.005052 
11968.976673  835.493315  0.005400 
11971.012536  835.351226  0.005850 
11973.048400  835.209185  0.006461 
11975.084263  835.067193  0.007332 
11977.120127  834.925249  0.008616 
11979.155990  834.783353  0.010428 
11981.191854  834.641505  0.012305 
11983.227717  834.499705  0.012194 
11985.263581  834.357954  0.008763 
11987.299444  834.216251  0.005717 
11989.335308  834.074596  0.006850 
11991.371171  833.932989  0.011134 
11993.407035  833.791430  0.016800 
11995.442898  833.649919  0.022617 
11997.478762  833.508456  0.024674 
11999.514625  833.367041  0.020068 
12001.550489  833.225674  0.014262 
12003.586353  833.084355  0.012217 
12005.622216  832.943085  0.010485 
12007.658080  832.801861  0.005686 
12009.693943  832.660686  0.003026 
12011.729807  832.519559  0.008270 
12013.765670  832.378479  0.018199 
12015.801534  832.237448  0.026565 
12017.837397  832.096464  0.029686 
12019.873261  831.955528  0.030907 
12021.909124  831.814639  0.037904 
12023.944988  831.673798  0.048886 
12025.980851  831.533005  0.052977 
12028.016715  831.392260  0.047322 
12030.052578  831.251562  0.039439 
12032.088442  831.110912  0.037431 
12034.124305  830.970310  0.047009 
12036.160169  830.829755  0.067690 
12038.196032  830.689247  0.089548 
12040.231896  830.548787  0.100724 
12042.267760  830.408375  0.098626 
12044.303623  830.268010  0.088316 
12046.339487  830.127692  0.079058 
12048.375350  829.987422  0.076802 
12050.411214  829.847200  0.077997 
12052.447077  829.707024  0.072278 
12054.482941  829.566896  0.057035 
12056.518804  829.426816  0.059389 
12058.554668  829.286782  0.096063 
12060.590531  829.146796  0.138290 
12062.626395  829.006857  0.150738 
12064.662258  828.866966  0.127418 
12066.698122  828.727121  0.090030 
12068.733985  828.587324  0.072978 
12070.769849  828.447574  0.086399 
12072.805712  828.307871  0.108926 
12074.841576  828.168215  0.131581 
12076.877439  828.028607  0.157884 
12078.913303  827.889045  0.180211 
12080.949167  827.749530  0.178693 
12082.985030  827.610063  0.164003 
12085.020894  827.470642  0.170254 
12087.056757  827.331269  0.191058 
12089.092621  827.191942  0.207690 
12091.128484  827.052662  0.218151 
12093.164348  826.913429  0.205472 
12095.200211  826.774243  0.161635 
12097.236075  826.635104  0.114911 
12099.271938  826.496012  0.087512 
12101.307802  826.356966  0.081458 
12103.343665  826.217967  0.091963 
12105.379529  826.079015  0.110727 
12107.415392  825.940110  0.123682 
12109.451256  825.801251  0.120439 
12111.487119  825.662439  0.107089 
12113.522983  825.523674  0.086339 
12115.558846  825.384956  0.059768 
12117.594710  825.246284  0.029484 
12119.630573  825.107658  0.000322 
12121.666437  824.969079  -0.008342 
12123.702301  824.830547  0.016142 
12125.738164  824.692061  0.053387 
12127.774028  824.553622  0.064799 
12129.809891  824.415229  0.043072 
12131.845755  824.276883  0.014856 
12133.881618  824.138583  -0.006127 
12135.917482  824.000329  -0.014631 
12137.953345  823.862122  -0.006041 
12139.989209  823.723961  -0.004090 
12142.025072  823.585847  -0.035660 
12144.060936  823.447779  -0.089765 
12146.096799  823.309757  -0.119674 
12148.132663  823.171781  -0.106468 
12150.168526  823.033852  -0.080370 
12152.204390  822.895968  -0.065347 
12154.240253  822.758131  -0.055386 
12156.276117  822.620341  -0.046726 
12158.311980  822.482596  -0.056372 
12160.347844  822.344897  -0.085581 
12162.383708  822.207245  -0.111965 
12164.419571  822.069639  -0.108900 
12166.455435  821.932078  -0.073083 
12168.491298  821.794564  -0.037386 
12170.527162  821.657096  -0.026516 
12172.563025  821.519673  -0.031771 
12174.598889  821.382297  -0.044880 
12176.634752  821.244967  -0.072048 
12178.670616  821.107682  -0.102044 
12180.706479  820.970443  -0.100817 
12182.742343  820.833251  -0.060356 
12184.778206  820.696104  -0.015648 
12186.814070  820.559003  0.006741 
12188.849933  820.421947  0.010507 
12190.885797  820.284938  0.008018 
12192.921660  820.147974  0.007130 
12194.957524  820.011056  0.009325 
12196.993387  819.874184  0.014785 
12199.029251  819.737357  0.022982 
12201.065115  819.600576  0.032189 
12203.100978  819.463841  0.043655 
12205.136842  819.327151  0.057655 
12207.172705  819.190507  0.075214 
12209.208569  819.053909  0.098812 
12211.244432  818.917356  0.124867 
12213.280296  818.780848  0.145648 
12215.316159  818.644386  0.156467 
12217.352023  818.507970  0.164128 
12219.387886  818.371599  0.177338 
12221.423750  818.235273  0.194554 
12223.459613  818.098993  0.214689 
12225.495477  817.962758  0.239702 
12227.531340  817.826569  0.268088 
12229.567204  817.690425  0.297294 
12231.603067  817.554326  0.324510 
12233.638931  817.418272  0.348429 
12235.674794  817.282264  0.373952 
12237.710658  817.146301  0.405390 
12239.746521  817.010384  0.440016 
12241.782385  816.874511  0.475264 
12243.818249  816.738684  0.513136 
12245.854112  816.602902  0.554916 
12247.889976  816.467165  0.598734 
12249.925839  816.331473  0.643875 
12251.961703  816.195826  0.687946 
12253.997566  816.060224  0.724280 
12256.033430  815.924667  0.749723 
12258.069293  815.789156  0.766130 
12260.105157  815.653689  0.774660 
12262.141020  815.518267  0.778845 
12264.176884  815.382891  0.784060 
12266.212747  815.247559  0.787643 
12268.248611  815.112272  0.786095 
12270.284474  814.977030  0.786467 
12272.320338  814.841833  0.797939 
12274.356201  814.706681  0.822829 
12276.392065  814.571573  0.859279 
12278.427928  814.436511  0.906508 
12280.463792  814.301493  0.959912 
12282.499656  814.166520  1.000000 
12284.535519  814.031592  0.999440 
12286.571383  813.896708  0.950277 
12288.607246  813.761869  0.872665 
12290.643110  813.627075  0.781880 
12292.678973  813.492325  0.669483 
12294.714837  813.357620  0.521384 
12296.750700  813.222960  0.349573 
12298.786564  813.088344  0.204910 
12300.822427  812.953773  0.126558 
12302.858291  812.819246  0.105392 
12304.894154  812.684764  0.115655 
12306.930018  812.550326  0.136281 
12308.965881  812.415933  0.139156 
12311.001745  812.281584  0.104205 
12313.037608  812.147280  0.047080 
12315.073472  812.013020  -0.006374 
12317.109335  811.878804  -0.051199 
12319.145199  811.744633  -0.088700 
12321.181062  811.610506  -0.132282 
12323.216926  811.476424  -0.202233 
12325.252790  811.342385  -0.281385 
12327.288653  811.208392  -0.343980 
12329.324517  811.074442  -0.402599 
12331.360380  810.940536  -0.464487 
12333.396244  810.806675  -0.492671 
12335.432107  810.672858  -0.462335 
12337.467971  810.539085  -0.412074 
12339.503834  810.405356  -0.401365 
12341.539698  810.271672  -0.446049 
12343.575561  810.138031  -0.509711 
12345.611425  810.004434  -0.546933 
12347.647288  809.870882  -0.536801 
12349.683152  809.737374  -0.492433 
12351.719015  809.603909  -0.448617 
12353.754879  809.470489  -0.418524 
12355.790742  809.337112  -0.386802 
12357.826606  809.203780  -0.341541 
12359.862469  809.070491  -0.282138 
12361.898333  808.937247  -0.215763 
12363.934197  808.804046  -0.157011 
12365.970060  808.670889  -0.112104 
12368.005924  808.537776  -0.075141 
12370.041787  808.404706  -0.047310 
12372.077651  808.271681  -0.035435 
12374.113514  808.138699  -0.039978 
12376.149378  808.005761  -0.054402 
12378.185241  807.872867  -0.062365 
12380.221105  807.740017  -0.049077 
12382.256968  807.607210  -0.016454 
12384.292832  807.474447  0.018846 
12386.328695  807.341727  0.040676 
12388.364559  807.209051  0.052682 
12390.400422  807.076419  0.067288 
12392.436286  806.943830  0.084984 
12394.472149  806.811285  0.097355 
12396.508013  806.678783  0.099841 
12398.543876  806.546325  0.096754 
12400.579740  806.413910  0.090964 
12402.615604  806.281539  0.079079 
12404.651467  806.149212  0.064101 
12406.687331  806.016927  0.056783 
12408.723194  805.884686  0.059756 
12410.759058  805.752489  0.065518 
12412.794921  805.620335  0.067680 
12414.830785  805.488224  0.064525 
12416.866648  805.356157  0.056127 
12418.902512  805.224132  0.042458 
12420.938375  805.092151  0.023290 
12422.974239  804.960214  -0.001276 
12425.010102  804.828319  -0.030416 
12427.045966  804.696468  -0.062302 
12429.081829  804.564660  -0.094050 
12431.117693  804.432896  -0.122558 
12433.153556  804.301174  -0.146148 
12435.189420  804.169495  -0.165537 
12437.225283  804.037860  -0.183045 
12439.261147  803.906268  -0.200916 
12441.297010  803.774718  -0.220436 
12443.332874  803.643212  -0.242086 
12445.368738  803.511749  -0.265666 
12447.404601  803.380329  -0.290098 
12449.440465  803.248952  -0.313656 
12451.476328  803.117617  -0.334738 
12453.512192  802.986326  -0.352439 
12455.548055  802.855078  -0.366557 
12457.583919  802.723872  -0.377364 
12459.619782  802.592709  -0.385395 
12461.655646  802.461590  -0.391224 
12463.691509  802.330513  -0.395207 
12465.727373  802.199479  -0.397430 
12467.763236  802.068487  -0.398011 
12469.799100  801.937539  -0.397401 
12471.834963  801.806633  -0.396268 
12473.870827  801.675770  -0.395005 
12475.906690  801.544950  -0.393391 
12477.942554  801.414172  -0.390718 
12479.978417  801.283437  -0.386267 
12482.014281  801.152745  -0.379742 
12484.050145  801.022095  -0.371365 
12486.086008  800.891488  -0.361650 
12488.121872  800.760923  -0.351118 
12490.157735  800.630401  -0.340198 
12492.193599  800.499922  -0.329244 
12494.229462  800.369485  -0.318534 
12496.265326  800.239091  -0.308192 
12498.301189  800.108739  -0.298136 
12500.337053  799.978429  -0.288127 
12502.372916  799.848162  -0.277885 
12504.408780  799.717938  -0.267214 
12506.444643  799.587755  -0.256094 
12508.480507  799.457616  -0.244795 
12510.516370  799.327518  -0.233993 
12512.552234  799.197463  -0.224548 
12514.588097  799.067450  -0.216572 
12516.623961  798.937480  -0.208924 
12518.659824  798.807551  -0.200503 
12520.695688  798.677665  -0.191501 
12522.731552  798.547822  -0.182759 
12524.767415  798.418020  -0.174637 
12526.803279  798.288261  -0.166812 
12528.839142  798.158543  -0.158756 
12530.875006  798.028868  -0.150195 
12532.910869  797.899235  -0.141137 
12534.946733  797.769645  -0.131655 
12536.982596  797.640096  -0.121747 
12539.018460  797.510589  -0.111331 
12541.054323  797.381125  -0.100384 
12543.090187  797.251702  -0.089169 
12545.126050  797.122321  -0.078140 
12547.161914  796.992983  -0.066972 
12549.197777  796.863686  -0.054642 
12551.233641  796.734432  -0.042970 
12553.269504  796.605219  -0.038418 
12555.305368  796.476048  -0.043758 
12557.341231  796.346919  -0.050720 
12559.377095  796.217832  -0.051553 
12561.412958  796.088787  -0.047152 
12563.448822  795.959783  -0.039018 
12565.484686  795.830822  -0.031667 
12567.520549  795.701902  -0.034246 
12569.556413  795.573024  -0.044729 
12571.592276  795.444187  -0.049771 
12573.628140  795.315393  -0.043514 
12575.664003  795.186640  -0.030761 
12577.699867  795.057928  -0.018700 
12579.735730  794.929259  -0.011544 
12581.771594  794.800631  -0.006969 
12583.807457  794.672045  -0.000603 
12585.843321  794.543500  0.005365 
12587.879184  794.414997  0.008732 
12589.915048  794.286535  0.017948 
12591.950911  794.158115  0.036565 
12593.986775  794.029736  0.051263 
12596.022638  793.901399  0.050292 
12598.058502  793.773104  0.039893 
12600.094365  793.644850  0.037356 
12602.130229  793.516637  0.046746 
12604.166093  793.388466  0.054819 
12606.201956  793.260336  0.056997 
12608.237820  793.132248  0.061976 
12610.273683  793.004200  0.069865 
12612.309547  792.876195  0.074853 
12614.345410  792.748230  0.078521 
12616.381274  792.620307  0.078867 
12618.417137  792.492425  0.068308 
12620.453001  792.364585  0.049000 
12622.488864  792.236785  0.028092 
12624.524728  792.109027  0.010636 
12626.560591  791.981310  0.007615 
12628.596455  791.853634  0.024260 
12630.632318  791.726000  0.047224 
12632.668182  791.598406  0.057554 
12634.704045  791.470854  0.045161 
12636.739909  791.343343  0.018486 
12638.775772  791.215872  -0.000305 
12640.811636  791.088443  -0.002035 
12642.847500  790.961055  0.002318 
12644.883363  790.833708  0.000569 
12646.919227  790.706402  -0.013096 
12648.955090  790.579137  -0.034456 
12650.990954  790.451913  -0.048020 
12653.026817  790.324730  -0.055928 
12655.062681  790.197588  -0.074978 
12657.098544  790.070486  -0.093704 
12659.134408  789.943426  -0.086012 
12661.170271  789.816406  -0.053697 
12663.206135  789.689427  -0.020122 
12665.241998  789.562489  -0.003553 
12667.277862  789.435592  -0.007069 
12669.313725  789.308736  -0.018750 
12671.349589  789.181920  -0.036590 
12673.385452  789.055145  -0.075058 
12675.421316  788.928411  -0.126306 
12677.457179  788.801718  -0.159363 
12679.493043  788.675065  -0.158719 
12681.528906  788.548453  -0.142140 
12683.564770  788.421881  -0.137516 
12685.600634  788.295351  -0.140471 
12687.636497  788.168860  -0.129529 
12689.672361  788.042411  -0.107746 
12691.708224  787.916002  -0.091959 
12693.744088  787.789633  -0.086053 
12695.779951  787.663305  -0.088376 
12697.815815  787.537018  -0.103026 
12699.851678  787.410771  -0.121755 
12701.887542  787.284564  -0.132749 
12703.923405  787.158398  -0.137831 
12705.959269  787.032273  -0.140563 
12707.995132  786.906187  -0.143205 
12710.030996  786.780143  -0.143030 
12712.066859  786.654138  -0.133880 
12714.102723  786.528174  -0.116821 
12716.138586  786.402250  -0.097841 
12718.174450  786.276367  -0.086203 
12720.210313  786.150524  -0.090658 
12722.246177  786.024721  -0.103851 
12724.282041  785.898958  -0.110762 
12726.317904  785.773236  -0.108649 
12728.353768  785.647554  -0.103252 
12730.389631  785.521912  -0.097072 
12732.425495  785.396310  -0.091393 
12734.461358  785.270748  -0.089343 
12736.497222  785.145227  -0.088459 
12738.533085  785.019745  -0.084440 
12740.568949  784.894304  -0.078276 
12742.604812  784.768903  -0.072058 
12744.640676  784.643542  -0.066226 
12746.676539  784.518221  -0.061296 
12748.712403  784.392940  -0.059625 
12750.748266  784.267699  -0.062506 
12752.784130  784.142498  -0.065316 
12754.819993  784.017337  -0.063416 
12756.855857  783.892215  -0.058242 
12758.891720  783.767134  -0.053188 
12760.927584  783.642093  -0.051648 
12762.963448  783.517092  -0.055055 
12764.999311  783.392130  -0.058755 
12767.035175  783.267208  -0.058161 
12769.071038  783.142326  -0.054721 
12771.106902  783.017484  -0.051041 
12773.142765  782.892682  -0.047808 
12775.178629  782.767920  -0.044834 
12777.214492  782.643197  -0.041740 
12779.250356  782.518514  -0.038100 
12781.286219  782.393871  -0.033567 
12783.322083  782.269267  -0.028720 
12785.357946  782.144703  -0.026897 
12787.393810  782.020179  -0.032662 
12789.429673  781.895695  -0.043627 
12791.465537  781.771250  -0.050223 
12793.501400  781.646845  -0.048836 
12795.537264  781.522479  -0.044177 
12797.573127  781.398153  -0.040071 
12799.608991  781.273866  -0.037164 
12801.644854  781.149619  -0.035134 
12803.680718  781.025411  -0.033642 
12805.716582  780.901243  -0.032472 
12807.752445  780.777115  -0.031498 
12809.788309  780.653026  -0.030648 
12811.824172  780.528976  -0.029877 
12813.860036  780.404966  -0.029162 
12815.895899  780.280995  -0.028486 
12817.931763  780.157063  -0.027841 
12819.967626  780.033171  -0.027220 
12822.003490  779.909318  -0.026620 
12824.039353  779.785505  -0.026039 
12826.075217  779.661731  -0.025475 
12828.111080  779.537996  -0.024927 
12830.146944  779.414300  -0.024394 
12832.182807  779.290644  -0.023876 
12834.218671  779.167027  -0.023372 
12836.254534  779.043449  -0.022883 
12838.290398  778.919910  -0.022406 
12840.326261  778.796410  -0.021942 
12842.362125  778.672950  -0.021491 
12844.397989  778.549529  -0.021053 
12846.433852  778.426147  -0.020626 
12848.469716  778.302803  -0.020210 
12850.505579  778.179500  -0.019805 
12852.541443  778.056235  -0.019411 
12854.577306  777.933009  -0.019028 
12856.613170  777.809822  -0.018654 
12858.649033  777.686674  -0.018290 
12860.684897  777.563565  -0.017935 
12862.720760  777.440495  -0.017589 
12864.756624  777.317464  -0.017252 
12866.792487  777.194473  -0.016923 
12868.828351  777.071519  -0.016602 
12870.864214  776.948605  -0.016289 
12872.900078  776.825730  -0.015983 
12874.935941  776.702894  -0.015685 
12876.971805  776.580096  -0.015394 
12879.007668  776.457337  -0.015110 
12881.043532  776.334617  -0.014832 
12883.079396  776.211936  -0.014561 
12885.115259  776.089294  -0.014296 
12887.151123  775.966690  -0.014037 
12889.186986  775.844125  -0.013783 
12891.222850  775.721599  -0.013536 
12893.258713  775.599111  -0.013294 
12895.294577  775.476662  -0.013057 
12897.330440  775.354252  -0.012825 
12899.366304  775.231881  -0.012598 
12901.402167  775.109548  -0.012376 
12903.438031  774.987253  -0.012159 
12905.473894  774.864998  -0.011946 
12907.509758  774.742781  -0.011738 
12909.545621  774.620602  -0.011534 
12911.581485  774.498462  -0.011334 
12913.617348  774.376360  -0.011139 
12915.653212  774.254297  -0.010947 
12917.689075  774.132273  -0.010759 
12919.724939  774.010286  -0.010575 
12921.760802  773.888339  -0.010395 
12923.796666  773.766429  -0.010218 
12925.832530  773.644558  -0.010045 
12927.868393  773.522726  -0.009875 
12929.904257  773.400932  -0.009708 
12931.940120  773.279176  -0.009545 
12933.975984  773.157459  -0.009385 
12936.011847  773.035779  -0.009228 
12938.047711  772.914138  -0.009073 
12940.083574  772.792536  -0.008922 
12942.119438  772.670972  -0.008774 
12944.155301  772.549445  -0.008628 
12946.191165  772.427958  -0.008486 
12948.227028  772.306508  -0.008346 
12950.262892  772.185096  -0.008208 
12952.298755  772.063723  -0.008073 
12954.334619  771.942388  -0.007941 
12956.370482  771.821091  -0.007811 
12958.406346  771.699832  -0.007683 
12960.442209  771.578611  -0.007558 
12962.478073  771.457428  -0.007435 
12964.513937  771.336284  0.000000 
12966.549800  771.215177  0.000000 
12968.585664  771.094108  0.000000 
12970.621527  770.973078  0.000000 
12972.657391  770.852085  0.000000 
12974.693254  770.731131  0.000000 
12976.729118  770.610214  0.000000 
12978.764981  770.489335  0.000000 
12980.800845  770.368494  0.000000 
12982.836708  770.247691  0.000000 
12984.872572  770.126926  0.000000 
12986.908435  770.006199  0.000000 
12988.944299  769.885510  0.000000 
12990.980162  769.764858  0.000000 
12993.016026  769.644244  0.000000 
12995.051889  769.523668  0.000000 
12997.087753  769.403130  0.000000 
12999.123616  769.282630  0.000000 
13001.159480  769.162167  0.000000 
13003.195344  769.041742  0.000000 
