 11765.000   0.00000000   0.00000000   0.00000000   0.00000000   0.00000000   0.00000000   0.00017484   0.00252372   0.00000000
 11767.018   0.00000000   0.00000000   0.00000000   0.00000000   0.00000000   0.00000000   0.00017484   0.00252372   0.00000000
 11769.036   0.00000000   0.00000000   0.00000000   0.00000000   0.00000000   0.00000000   0.00017484   0.00252372   0.00000000
 11771.054   0.00000000   0.00000000   0.00000000   0.00000000   0.00000000   0.00000000   0.00017484   0.00252372   0.00000000
 11773.072   0.00000000   0.00000000   0.00000000   0.00000000   0.00000000   0.00000000   0.00017484   0.00252372   0.00000000
 11775.090   0.00000000   0.00000000   0.00000000   0.00000000   0.00000000   0.00000000   0.00017484   0.00252372   0.00000000
 11777.108   0.00000000   0.00000000   0.00000000   0.00000000   0.00000000   0.00000000   0.00017484   0.00252372   0.00000000
 11779.126   0.00000000   0.00000000   0.00000000   0.00000000   0.00000000   0.00000000   0.00017484   0.00252372   0.00000000
 11781.144   0.00000000   0.00000000   0.00000000   0.00000000   0.00000000   0.00000000   0.00017484   0.00252372   0.00000000
 11783.162   0.00000000   0.00000000   0.00000000   0.00000000   0.00000000   0.00000000   0.00017484   0.00252372   0.00000000
 11785.180   0.00000000   0.00000000   0.00000000   0.00000000   0.00000000   0.00000000   0.00017484   0.00252372   0.00000000
 11787.198   0.00000000   0.00000000   0.00000000   0.00000000   0.00000000   0.00000000   0.00017484   0.00252372   0.00000000
 11789.216   0.00000000   0.00000000   0.00000000   0.00000000   0.00000000   0.00000000   0.00017484   0.00252372   0.00000000
 11791.234   0.00000000   0.00000000   0.00000000   0.00000000   0.00000000   0.00000000   0.00017484   0.00252372   0.00000000
 11793.252   0.00000000   0.00000000   0.00000000   0.00000000   0.00000000   0.00000000   0.00017484   0.00252372   0.00000000
 11795.270   0.00000000   0.00000000   0.00000000   0.00000000   0.00000000   0.00000000   0.00017484   0.00252372   0.00000000
 11797.288   0.00000000   0.00000000   0.00000000   0.00000000   0.00000000   0.00000000   0.00017484   0.00252372   0.00000000
 11799.306   0.00000000   0.00000000   0.00000000   0.00000000   0.00000000   0.00000000   0.00017484   0.00252372   0.00000000
 11801.324   0.00000000   0.00000000   0.00000000   0.00000000   0.00000000   0.00000000   0.00017484   0.00252372   0.00000000
 11803.342   0.00000000   0.00000000   0.00000000   0.00000000   0.00000000   0.00000000   0.00017484   0.00252372   0.00000000
 11805.360   0.00000000   0.00000000   0.00000000   0.00000000   0.00000000   0.00000000   0.00017484   0.00252372   0.00000000
 11807.378   0.00000000   0.00000000   0.00000000   0.00000000   0.00000000   0.00000000   0.00017484   0.00252372   0.00000000
 11809.396   0.00000000   0.00000000   0.00000000   0.00000000   0.00000000   0.00000000   0.00017484   0.00252372   0.00000000
 11811.414   0.00000000   0.00000000   0.00000000   0.00000000   0.00000000   0.00000000   0.00017484   0.00252372   0.00000000
 11813.432   0.00000000   0.00000000   0.00000000   0.00000000   0.00000000   0.00000000   0.00017484   0.00252372   0.00000000
 11815.450   0.00000000   0.00000000   0.00000000   0.00000000   0.00000000   0.00000000   0.00017484   0.00252372   0.00000000
 11817.468   0.00000000   0.00000000   0.00000000   0.00000000   0.00000000   0.00000000   0.00017484   0.00252372   0.00000000
 11819.486   0.00000000   0.00000000   0.00000000   0.00000000   0.00000000   0.00000000   0.00017484   0.00252372   0.00000000
 11821.504   0.00000000   0.00000000   0.00000000   0.00000000   0.00000000   0.00000000   0.00017484   0.00252372   0.00000000
 11823.522   0.00000000   0.00000000   0.00000000   0.00000000   0.00000000   0.00000000   0.00017484   0.00252372   0.00000000
 11825.540   0.00000000   0.00000000   0.00000000   0.00000000   0.00000000   0.00000000   0.00017484   0.00252372   0.00000000
 11827.558   0.00000000   0.00000000   0.00000000   0.00000000   0.00000000   0.00000000   0.00017484   0.00252372   0.00000000
 11829.576   0.00000000   0.00000000   0.00000000   0.00000000   0.00000000   0.00000000   0.00017484   0.00252372   0.00000000
 11831.594   0.00000000   0.00000000   0.00000000   0.00000000   0.00000000   0.00000000   0.00017484   0.00252372   0.00000000
 11833.612   0.00000000   0.00000000   0.00000000   0.00000000   0.00000000   0.00000000   0.00017484   0.00252372   0.00000000
 11835.630   0.00000000   0.00000000   0.00000000   0.00000000   0.00000000   0.00000000   0.00017484   0.00252372   0.00000000
 11837.648   0.00000000   0.00000000   0.00000000   0.00000000   0.00000000   0.00000000   0.00017484   0.00252372   0.00000000
 11839.666   0.00000000   0.00000000   0.00000000   0.00000000   0.00000000   0.00000000   0.00017484   0.00252372   0.00000000
 11841.684   0.00000000   0.00000000   0.00000000   0.00000000   0.00000000   0.00000000   0.00017484   0.00252372   0.00000000
 11843.702   0.00000000   0.00000000   0.00000000   0.00000000   0.00000000   0.00000000   0.00017484   0.00252372   0.00000000
 11845.720   0.00000000   0.00000000   0.00000000   0.00000000   0.00000000   0.00000000   0.00017484   0.00252372   0.00000000
 11847.738   0.00000000   0.00000000   0.00000000   0.00000000   0.00000000   0.00000000   0.00017484   0.00252372   0.00000000
 11849.756   0.00000000   0.00000000   0.00000000   0.00000000   0.00000000   0.00000000   0.00017484   0.00252372   0.00000000
 11851.774   0.00000000   0.00000000   0.00000000   0.00000000   0.00000000   0.00000000   0.00017484   0.00252372   0.00000000
 11853.792   0.00000000   0.00000000   0.00000000   0.00000000   0.00000000   0.00000000   0.00017484   0.00252372   0.00000000
 11855.810   0.00000000   0.00000000   0.00000000   0.00000000   0.00000000   0.00000000   0.00017484   0.00252372   0.00000000
 11857.828   0.00000000   0.00000000   0.00000000   0.00000000   0.00000000   0.00000000   0.00017484   0.00252372   0.00000000
 11859.846   0.00000000   0.00000000   0.00000000   0.00000000   0.00000000   0.00000000   0.00017484   0.00252372   0.00000000
 11861.864   0.00000000   0.00000000   0.00000000   0.00000000   0.00000000   0.00000000   0.00017484   0.00252372   0.00000000
 11863.882   0.00000000   0.00000000   0.00000000   0.00000000   0.00000000   0.00000000   0.00017484   0.00252372   0.00000000
 11865.900   0.00000000   0.00000000   0.00000000   0.00000000   0.00000000   0.00000000   0.00017484   0.00252372   0.00000000
 11867.918   0.00000000   0.00000000   0.00000000   0.00000000   0.00000000   0.00000000   0.00017484   0.00252372   0.00000000
 11869.936   0.00000000   0.00000000   0.00000000   0.00000000   0.00000000   0.00000000   0.00017484   0.00252372   0.00000000
 11871.954   0.00000000   0.00000000   0.00000000   0.00000000   0.00000000   0.00000000   0.00017484   0.00252372   0.00000000
 11873.972   0.00000000   0.00000000   0.00000000   0.00000000   0.00000000   0.00000000   0.00017484   0.00252372   0.00000000
 11875.990   0.00000000   0.00000000   0.00000000   0.00000000   0.00000000   0.00000000   0.00017484   0.00252372   0.00000000
 11878.008   0.00000000   0.00000000   0.00000000   0.00000000   0.00000000   0.00000000   0.00017484   0.00252372   0.00000000
 11880.026   0.00000000   0.00000000   0.00000000   0.00000000   0.00000000   0.00000000   0.00017484   0.00252372   0.00000000
 11882.044   0.00000000   0.00000000   0.00000000   0.00000000   0.00000000   0.00000000   0.00017484   0.00252372   0.00000000
 11884.062   0.00000000   0.00000000   0.00000000   0.00000000   0.00000000   0.00000000   0.00017484   0.00252372   0.00000000
 11886.080   0.00000000   0.00000000   0.00000000   0.00000000   0.00000000   0.00000000   0.00017484   0.00252372   0.00000000
 11888.098   0.00000000   0.00000000   0.00000000   0.00000000   0.00000000   0.00000000   0.00017484   0.00252372   0.00000000
 11890.116   0.00000000   0.00000000   0.00000000   0.00000000   0.00000000   0.00000000   0.00017484   0.00252372   0.00000000
 11892.134   0.00000000   0.00000000   0.00000000   0.00000000   0.00000000   0.00000000   0.00017484   0.00252372   0.00000000
 11894.152   0.00000000   0.00000000   0.00000000   0.00000000   0.00000026   0.00000000   0.00017484   0.00252372   0.00000000
 11896.170   0.00000000   0.00000000   0.00000000   0.00000000   0.00001013   0.00000000   0.00017484   0.00252372   0.00000000
 11898.188   0.00000000   0.00000000   0.00000000   0.00000000   0.00004754   0.00000000   0.00017484   0.00252372   0.00000000
 11900.206   0.00000000   0.00000012   0.00000000   0.00000000   0.00012580   0.00000000   0.00017484   0.00252372   0.00000000
 11902.224   0.00000000   0.00000452   0.00000000   0.00000000   0.00026276   0.00000000   0.00017484   0.00252372   0.00000000
 11904.242   0.00000000   0.00001726   0.00000000   0.00000000   0.00048047   0.00000000   0.00017484   0.00252372   0.00000000
 11906.260   0.00000000   0.00004039   0.00000000   0.00000000   0.00077852   0.00000000   0.00017484   0.00252372   0.00000000
 11908.278   0.00000000   0.00008003   0.00000000   0.00000000   0.00113897   0.00000000   0.00017484   0.00252372   0.00000000
 11910.296   0.00000000   0.00014029   0.00000000   0.00000000   0.00154853   0.00000000   0.00017484   0.00252372   0.00000000
 11912.314   0.00000000   0.00022115   0.00000000   0.00000000   0.00198935   0.00000000   0.00017484   0.00252372   0.00000000
 11914.332   0.00000000   0.00032262   0.00000000   0.00000000   0.00243885   0.00000000   0.00017484   0.00252372   0.00000000
 11916.350   0.00000000   0.00044470   0.00000000   0.00000000   0.00287875  -0.00000062   0.00017484   0.00252372   0.00000000
 11918.368   0.00000000   0.00058740   0.00000000   0.00000000   0.00329113  -0.00000499   0.00017484   0.00252372   0.00000000
 11920.386   0.00000000   0.00075059   0.00000000   0.00000000   0.00366266  -0.00001748   0.00017484   0.00252372   0.00000000
 11922.404   0.00000000   0.00093011  -0.00000028   0.00000000   0.00396569  -0.00004363   0.00017484   0.00252372  -0.00000028
 11924.422   0.00000000   0.00112190  -0.00000198   0.00000000   0.00415069  -0.00009372   0.00017484   0.00252372  -0.00000198
 11926.440   0.00000000   0.00132392  -0.00000596   0.00000000   0.00419252  -0.00017666   0.00017484   0.00252372  -0.00000596
 11928.458   0.00000000   0.00152554  -0.00001386   0.00000000   0.00409033  -0.00029227   0.00017484   0.00252372  -0.00001386
 11930.476   0.00000000   0.00171457  -0.00002870   0.00000000   0.00383388  -0.00043619   0.00017484   0.00252372  -0.00002870
 11932.494   0.00000000   0.00188740  -0.00005180   0.00000000   0.00343635  -0.00060287   0.00017484   0.00252372  -0.00005180
 11934.512   0.00000000   0.00203904  -0.00008318   0.00000000   0.00294576  -0.00078203   0.00017484   0.00252372  -0.00008318
 11936.530   0.00000000   0.00216367  -0.00012282   0.00000000   0.00239660  -0.00096353   0.00017484   0.00252372  -0.00012282
 11938.548   0.00000000   0.00226049  -0.00017073   0.00000000   0.00180763  -0.00114128   0.00017484   0.00252372  -0.00017073
 11940.566   0.00000000   0.00232950  -0.00022691   0.00000000   0.00120243  -0.00131091   0.00017484   0.00252372  -0.00022691
 11942.584   0.00000000   0.00237069  -0.00029108   0.00000000   0.00060523  -0.00146688   0.00017484   0.00252372  -0.00029108
 11944.602   0.00000000   0.00238406  -0.00036210   0.00000000   0.00004530  -0.00159111   0.00017484   0.00252372  -0.00036210
 11946.620   0.00000000   0.00236962  -0.00043912   0.00000000  -0.00045179  -0.00165673   0.00017484   0.00252372  -0.00043912
 11948.638   0.00000000   0.00233184  -0.00052047   0.00000000  -0.00086729  -0.00164981   0.00017484   0.00252372  -0.00052047
 11950.656   0.00000000   0.00227885  -0.00059961   0.00000000  -0.00117777  -0.00154904   0.00017484   0.00252372  -0.00059961
 11952.674   0.00000000   0.00221425  -0.00067061   0.00000000  -0.00137879  -0.00131835   0.00017484   0.00252372  -0.00067061
 11954.692   0.00000000   0.00214301  -0.00073165   0.00000000  -0.00149677  -0.00095589   0.00017484   0.00252372  -0.00073165
 11956.710   0.00000000   0.00207090  -0.00077289   0.00000000  -0.00155964  -0.00048909   0.00017484   0.00252372  -0.00077289
 11958.728   0.00000000   0.00199869  -0.00078527   0.00000000  -0.00158871   0.00006503   0.00017484   0.00252372  -0.00078527
 11960.746   0.00000000   0.00192608  -0.00076879   0.00000000  -0.00160835   0.00068067   0.00017484   0.00252372  -0.00076879
 11962.763   0.00000000   0.00185232  -0.00072346   0.00000000  -0.00163288   0.00131627   0.00017484   0.00252372  -0.00072346
 11964.781   0.00000000   0.00177696  -0.00064928   0.00000000  -0.00166332   0.00194401   0.00017484   0.00252372  -0.00064928
 11966.799   0.00000000   0.00169998  -0.00054624   0.00000000  -0.00169734   0.00254592   0.00017484   0.00252372  -0.00054624
 11968.817   0.00000000   0.00162140  -0.00041434   0.00000000  -0.00173234   0.00310782   0.00017484   0.00252372  -0.00041434
 11970.835   0.00000000   0.00154121  -0.00025715   0.00000000  -0.00176728   0.00360092   0.00017484   0.00252372  -0.00025715
 11972.853   0.00000000   0.00145941  -0.00007925   0.00000000  -0.00180187   0.00396940   0.00017484   0.00252372  -0.00007925
 11974.871   0.00000000   0.00137601   0.00011753   0.00000000  -0.00183538   0.00418269   0.00017484   0.00252372   0.00011753
 11976.889   0.00000000   0.00129106   0.00032188   0.00000000  -0.00186553   0.00423825   0.00017484   0.00252372   0.00032188
 11978.907   0.00000000   0.00120460   0.00051979   0.00000000  -0.00188969   0.00411613   0.00017484   0.00252372   0.00051979
 11980.925   0.00000000   0.00111693   0.00070782   0.00000000  -0.00190696   0.00381569   0.00017484   0.00252372   0.00070782
 11982.943   0.00000000   0.00102879   0.00088013   0.00000000  -0.00191757   0.00338433   0.00017484   0.00252372   0.00088013
 11984.961   0.00000000   0.00094066   0.00102707   0.00000000  -0.00192224   0.00286048   0.00017484   0.00252372   0.00102707
 11986.979   0.00000000   0.00085252   0.00114486   0.00000000  -0.00192265   0.00226461   0.00017484   0.00252372   0.00114486
 11988.997   0.00000000   0.00076439   0.00123349   0.00000000  -0.00191792   0.00163080   0.00017484   0.00252372   0.00123349
 11991.015   0.00000000   0.00067625   0.00129296   0.00000000  -0.00190394   0.00099190   0.00017484   0.00252372   0.00129296
 11993.033   0.00000000   0.00058839   0.00132327   0.00000000  -0.00187493   0.00037044   0.00017484   0.00252372   0.00132327
 11995.051   0.00000000   0.00050214   0.00132443   0.00000000  -0.00182064  -0.00021510   0.00017484   0.00252372   0.00132443
 11997.069   0.00000000   0.00041853   0.00129792   0.00000000  -0.00173172  -0.00074424   0.00017484   0.00252372   0.00129792
 11999.087   0.00000000   0.00033916   0.00124867   0.00000000  -0.00160847  -0.00118289   0.00017484   0.00252372   0.00124867
 12001.105   0.00000000   0.00026713   0.00118016   0.00000000  -0.00145600  -0.00150475   0.00017484   0.00252372   0.00118016
 12003.123   0.00000000   0.00020391   0.00109820   0.00000000  -0.00128189  -0.00171560   0.00017484   0.00252372   0.00109820
 12005.141   0.00000000   0.00014951   0.00101245   0.00000000  -0.00111196  -0.00183395   0.00017484   0.00252372   0.00101245
 12007.159   0.00000000   0.00010392   0.00092670   0.00000000  -0.00098244  -0.00188026   0.00017484   0.00252372   0.00092670
 12009.177   0.00000000   0.00006632   0.00084095   0.00002157  -0.00094078  -0.00188565   0.00017484   0.00252372   0.00084095
 12011.195   0.00000000   0.00003040   0.00075520   0.00013558  -0.00108673  -0.00186996   0.00017484   0.00252372   0.00075520
 12013.213   0.00000000  -0.00000957   0.00066945   0.00041912  -0.00152719  -0.00183093   0.00017484   0.00252372   0.00066945
 12015.231   0.00000400  -0.00006811   0.00058504   0.00090957  -0.00232046  -0.00173968   0.00017484   0.00252372   0.00058504
 12017.249   0.00002118  -0.00017643   0.00050507   0.00162944  -0.00351247  -0.00153738   0.00017484   0.00253501   0.00050507
 12019.267   0.00005669  -0.00035312   0.00043126   0.00257345  -0.00511183  -0.00118456   0.00017484   0.00257394   0.00043126
 12021.285   0.00011231  -0.00061344   0.00037499   0.00367407  -0.00713179  -0.00068227   0.00017484   0.00264554   0.00037499
 12023.303   0.00019045  -0.00097523   0.00035160   0.00485422  -0.00965538  -0.00004110   0.00017484   0.00274983   0.00035160
 12025.321   0.00029173  -0.00144485   0.00036502   0.00607844  -0.01268764   0.00071006   0.00017484   0.00288679   0.00036502
 12027.339   0.00041615  -0.00206772   0.00041527   0.00733145  -0.01613067   0.00151241   0.00040244   0.00305644   0.00041527
 12029.357   0.00056372  -0.00288629   0.00050234   0.00858426  -0.01989095   0.00232051   0.00063004   0.00325876   0.00050234
 12031.375   0.00073477  -0.00389427   0.00062625   0.00978852  -0.02376654   0.00311590   0.00085763   0.00349376   0.00062625
 12033.393   0.00093032  -0.00508619   0.00078697   0.01092353  -0.02747707   0.00388795   0.00108523   0.00376145   0.00078697
 12035.411   0.00114700  -0.00644887   0.00098318   0.01199571  -0.03089168   0.00460779   0.00131283   0.00406181   0.00098318
 12037.429   0.00137981  -0.00795473   0.00121179   0.01306125  -0.03398963   0.00538733   0.00154043   0.00438356   0.00121179
 12039.447   0.00162990  -0.00959073   0.00147105   0.01426807  -0.03678839   0.00653493   0.00176803   0.00471035   0.00147105
 12041.465   0.00189767  -0.01134609   0.00174960   0.01575794  -0.03932899   0.00822573   0.00199563   0.00503715   0.00174960
 12043.483   0.00219451  -0.01321034   0.00210960   0.01764935  -0.04174908   0.01043082   0.00222323   0.00536395   0.00210960
 12045.501   0.00253415  -0.01518327   0.00262756   0.02006180  -0.04433698   0.01311597   0.00245082   0.00569074   0.00262756
 12047.519   0.00292084  -0.01724314   0.00330207   0.02306959  -0.04733650   0.01614405   0.00267842   0.00602948   0.00330207
 12049.537   0.00336850  -0.01943417   0.00411660   0.02677642  -0.05092933   0.01921359   0.00290602   0.00642896   0.00411660
 12051.555   0.00388698  -0.02182041   0.00505903   0.03128447  -0.05530149   0.02216275   0.00313362   0.00692601   0.00505903
 12053.573   0.00449202  -0.02442831   0.00613002   0.03645715  -0.06058421   0.02506843   0.00336122   0.00752062   0.00613002
 12055.591   0.00521226  -0.02730401   0.00733069   0.04201471  -0.06685365   0.02807130   0.00358882   0.00821281   0.00733069
 12057.609   0.00605605  -0.03046466   0.00866154   0.04773401  -0.07411594   0.03109224   0.00381641   0.00900257   0.00866154
 12059.627   0.00700783  -0.03397572   0.01013902   0.05363167  -0.08237438   0.03391352   0.00406610   0.00989921   0.01013902
 12061.645   0.00805492  -0.03791492   0.01178192   0.06004415  -0.09168220   0.03655556   0.00437532   0.01092425   0.01178192
 12063.663   0.00919414  -0.04229784   0.01352409   0.06697747  -0.10181917   0.03909726   0.00475944   0.01208995   0.01352409
 12065.681   0.01047614  -0.04718300   0.01533457   0.07378165  -0.11240841   0.04148667   0.00521847   0.01339629   0.01533457
 12067.699   0.01194976  -0.05259958   0.01725520   0.07971440  -0.12331937   0.04381538   0.00575239   0.01483134   0.01725520
 12069.717   0.01356010  -0.05850009   0.01929694   0.08452174  -0.13434550   0.04653940   0.00636121   0.01634630   0.01929694
 12071.735   0.01521304  -0.06490249   0.02146048   0.08852863  -0.14520149   0.05021634   0.00704493   0.01795684   0.02146048
 12073.753   0.01684889  -0.07182229   0.02373932   0.09246662  -0.15577965   0.05506371   0.00780354   0.01974937   0.02373932
 12075.771   0.01852760  -0.07922345   0.02624990   0.09721897  -0.16597556   0.06079609   0.00866412   0.02175779   0.02624990
 12077.789   0.02034910  -0.08709894   0.02913985   0.10335366  -0.17575529   0.06692823   0.00965901   0.02397002   0.02913985
 12079.807   0.02234333  -0.09538813   0.03241313   0.11046390  -0.18504462   0.07295496   0.01077139   0.02635923   0.03241313
 12081.825   0.02449547  -0.10407428   0.03594785   0.11748677  -0.19349516   0.07835972   0.01196381   0.02889849   0.03594785
 12083.843   0.02677209  -0.11319205   0.03963975   0.12415078  -0.20084031   0.08303117   0.01322091   0.03157556   0.03963975
 12085.861   0.02913130  -0.12265224   0.04347368   0.13109790  -0.20691269   0.08739219   0.01454270   0.03439043   0.04347368
 12087.879   0.03157733  -0.13234132   0.04749430   0.13895032  -0.21142486   0.09201227   0.01592916   0.03728604   0.04749430
 12089.897   0.03418537  -0.14218299   0.05175796   0.14761637  -0.21439802   0.09693344   0.01737824   0.04019312   0.05175796
 12091.915   0.03701464  -0.15209947   0.05628237   0.15573303  -0.21616123   0.10149989   0.01885732   0.04304702   0.05628237
 12093.933   0.04007330  -0.16205473   0.06108227   0.16132285  -0.21694994   0.10509578   0.02033590   0.04588732   0.06108227
 12095.951   0.04326086  -0.17203997   0.06604262   0.16351984  -0.21678589   0.10772489   0.02178691   0.04882012   0.06604262
 12097.969   0.04638687  -0.18201205   0.07101022   0.16323865  -0.21527105   0.10972992   0.02317801   0.05187149   0.07101022
 12099.987   0.04935371  -0.19193219   0.07595962   0.16227134  -0.21194019   0.11143849   0.02450393   0.05505896   0.07595962
 12102.005   0.05223248  -0.20169507   0.08099202   0.16202072  -0.20669452   0.11312865   0.02576466   0.05841985   0.08099202
 12104.023   0.05518939  -0.21110980   0.08619431   0.16288137  -0.19940911   0.11478888   0.02696020   0.06198623   0.08619431
 12106.041   0.05829893  -0.22010922   0.09152804   0.16438327  -0.19003203   0.11603716   0.02808178   0.06574960   0.09152804
 12108.059   0.06145638  -0.22866329   0.09688966   0.16517691  -0.17894347   0.11625964   0.02909698   0.06963771   0.09688966
 12110.077   0.06455170  -0.23666287   0.10219886   0.16371825  -0.16643123   0.11503023   0.02998422   0.07359907   0.10219886
 12112.095   0.06758109  -0.24404919   0.10743827   0.16030238  -0.15257016   0.11244500   0.03077609   0.07764585   0.10743827
 12114.113   0.07053489  -0.25075904   0.11253461   0.15651993  -0.13748697   0.10860994   0.03150310   0.08166528   0.11253461
 12116.131   0.07337650  -0.25672948   0.11741612   0.15260697  -0.12127923   0.10331157   0.03216525   0.08560312   0.11741612
 12118.149   0.07616713  -0.26196054   0.12205619   0.14737221  -0.10419915   0.09655627   0.03276255   0.08951796   0.12205619
 12120.167   0.07892640  -0.26637109   0.12634570   0.13973958  -0.08639951   0.08863350   0.03329500   0.09338311   0.12634570
 12122.185   0.08156472  -0.26991905   0.13019916   0.12927973  -0.06783111   0.07976004   0.03374933   0.09704375   0.13019916
 12124.203   0.08393686  -0.27264010   0.13361429   0.11592862  -0.04891936   0.07018340   0.03409651   0.10037159   0.13361429
 12126.221   0.08594182  -0.27444244   0.13657977   0.10000480  -0.03018918   0.06011262   0.03432955   0.10337511   0.13657977
 12128.239   0.08762541  -0.27533239   0.13910697   0.08275087  -0.01177548   0.04968441   0.03448086   0.10618364   0.13910697
 12130.257   0.08901075  -0.27541749   0.14116117   0.06573912   0.00603351   0.03897225   0.03457411   0.10891793   0.14116117
 12132.275   0.09006394  -0.27470754   0.14267740   0.04929712   0.02297672   0.02783684   0.03460929   0.11157798   0.14267740
 12134.293   0.09081498  -0.27324817   0.14369493   0.03327395   0.03926430   0.01647121   0.03458641   0.11411822   0.14369493
 12136.311   0.09127981  -0.27106971   0.14419426   0.01816674   0.05540372   0.00549545   0.03450548   0.11636095   0.14419426
 12138.329   0.09144817  -0.26817600   0.14413168   0.00413088   0.07183576  -0.00486902   0.03436647   0.11809943   0.14413168
 12140.347   0.09137122  -0.26458076   0.14361519  -0.00916635   0.08816576  -0.01472362   0.03416941   0.11916771   0.14361519
 12142.365   0.09107939  -0.26015505   0.14271866  -0.02190065   0.10342403  -0.02409700   0.03390421   0.11958434   0.14271866
 12144.383   0.09056721  -0.25488124   0.14144305  -0.03412776   0.11704706  -0.03312805   0.03356463   0.11947784   0.14144305
 12146.401   0.08982429  -0.24903377   0.13976112  -0.04580191   0.12835641  -0.04196040   0.03315448   0.11886684   0.13976112
 12148.419   0.08883404  -0.24281675   0.13762390  -0.05684567   0.13657485  -0.05057678   0.03267376   0.11775135   0.13762390
 12150.437   0.08764357  -0.23630187   0.13508158  -0.06709255   0.14199523  -0.05868000   0.03212246   0.11612625   0.13508158
 12152.455   0.08629590  -0.22961312   0.13220063  -0.07634188   0.14548996  -0.06571035   0.03150060   0.11398104   0.13220063
 12154.473   0.08478735  -0.22283613   0.12899725  -0.08489061   0.14733625  -0.07145483   0.03080816   0.11134268   0.12899725
 12156.491   0.08313666  -0.21600787   0.12556389  -0.09323172   0.14743935  -0.07617704   0.03004515   0.10828045   0.12556389
 12158.509   0.08133541  -0.20917013   0.12198603  -0.10144755   0.14597816  -0.08017157   0.02922736   0.10488608   0.12198603
 12160.527   0.07936736  -0.20242988   0.11827612  -0.10949153   0.14351414  -0.08369288   0.02837450   0.10133229   0.11827612
 12162.545   0.07724727  -0.19591925   0.11441868  -0.11681745   0.14048230  -0.08682001   0.02751380   0.09775417   0.11441868
 12164.563   0.07498442  -0.18963375   0.11037811  -0.12230356   0.13697258  -0.08935932   0.02668055   0.09417298   0.11037811
 12166.581   0.07259325  -0.18344317   0.10618312  -0.12536232   0.13345122  -0.09111320   0.02588670   0.09059282   0.10618312
 12168.599   0.07017113  -0.17735713   0.10194705  -0.12590557   0.13048521  -0.09189105   0.02513225   0.08701370   0.10194705
 12170.617   0.06780450  -0.17147356   0.09774240  -0.12388302   0.12790075  -0.09161975   0.02441721   0.08344489   0.09774240
 12172.635   0.06551460  -0.16571996   0.09358337  -0.11958123   0.12544794  -0.09071551   0.02374158   0.07990349   0.09358337
 12174.653   0.06332061  -0.16003664   0.08949122  -0.11354547   0.12338914  -0.08987239   0.02310535   0.07639737   0.08949122
 12176.671   0.06123643  -0.15442824   0.08547100  -0.10612479   0.12159863  -0.08945154   0.02262047   0.07294915   0.08547100
 12178.689   0.05930672  -0.14888405   0.08147072  -0.09751161   0.11921576  -0.08943223   0.02239087   0.06960132   0.08147072
 12180.707   0.05756929  -0.14340210   0.07741309  -0.08787918   0.11551142  -0.08973834   0.02240463   0.06646118   0.07741309
 12182.725   0.05602915  -0.13806740   0.07329812  -0.07795840   0.11047907  -0.09034100   0.02265782   0.06362572   0.07329812
 12184.743   0.05468596  -0.13305717   0.06917067  -0.06903504   0.10441453  -0.09111542   0.02315046   0.06108172   0.06917067
 12186.761   0.05354094  -0.12847326   0.06504676  -0.06175705   0.09745387  -0.09188912   0.02388253   0.05880643   0.06504676
 12188.779   0.05251560  -0.12421074   0.06087654  -0.05604826   0.09001229  -0.09273560   0.02485422   0.05679984   0.06087654
 12190.797   0.05153198  -0.12022629   0.05663723  -0.05161148   0.08260759  -0.09383559   0.02607335   0.05505780   0.05663723
 12192.815   0.05059047  -0.11658392   0.05235265  -0.04777520   0.07512165  -0.09504170   0.02754764   0.05357369   0.05235265
 12194.833   0.04970948  -0.11329157   0.04801047  -0.04365766   0.06695005  -0.09617300   0.02927706   0.05234505   0.04801047
 12196.851   0.04892672  -0.11038308   0.04360185  -0.03880179   0.05758097  -0.09751978   0.03114968   0.05137187   0.04360185
 12198.869   0.04825200  -0.10787567   0.03916871  -0.03322754   0.04689021  -0.09936580   0.03304577   0.05065415   0.03916871
 12200.887   0.04768291  -0.10588087   0.03467866  -0.02703555   0.03488421  -0.10158093   0.03495756   0.05012422   0.03467866
 12202.905   0.04722922  -0.10454238   0.03003332  -0.02015182   0.02138629  -0.10401422   0.03688505   0.04967981   0.03003332
 12204.923   0.04689626  -0.10384536   0.02521372  -0.01235776   0.00663041  -0.10663715   0.03882825   0.04928635   0.02521372
 12206.941   0.04671611  -0.10384348   0.02027675  -0.00332772  -0.00871218  -0.10920361   0.04079290   0.04894382   0.02027675
 12208.959   0.04671796  -0.10461510   0.01526714   0.00717577  -0.02441593  -0.11140753   0.04283231   0.04865223   0.01526714
 12210.977   0.04692065  -0.10610338   0.01016264   0.01873494  -0.04061770  -0.11348058   0.04498630   0.04841158   0.01016264
 12212.995   0.04737321  -0.10831277   0.00496648   0.03055800  -0.05753144  -0.11609453   0.04724720   0.04822188   0.00496648
 12215.013   0.04808583  -0.11126433  -0.00030296   0.04210335  -0.07527030  -0.11940203   0.04961500   0.04808311  -0.00030296
 12217.031   0.04900811  -0.11503856  -0.00573133   0.05289080  -0.09321049  -0.12294413   0.05209977   0.04799527  -0.00573133
 12219.049   0.05010457  -0.11978504  -0.01143640   0.06260334  -0.11039120  -0.12648897   0.05477111   0.04801095  -0.01143640
 12221.067   0.05135807  -0.12542755  -0.01734721   0.07153882  -0.12632533  -0.13002045   0.05768854   0.04817369  -0.01734721
 12223.085   0.05276440  -0.13170405  -0.02334533   0.08076551  -0.14130802  -0.13341747   0.06085206   0.04846879  -0.02334533
 12225.103   0.05432808  -0.13846176  -0.02942231   0.09147004  -0.15647112  -0.13682322   0.06428296   0.04889053  -0.02942231
 12227.121   0.05605973  -0.14573182  -0.03564658   0.10394110  -0.17220840  -0.14087333   0.06810199   0.04943891  -0.03564658
 12229.139   0.05806139  -0.15384845  -0.04209812   0.11798528  -0.18726644  -0.14615828   0.07236086   0.05011395  -0.04209812
 12231.157   0.06039890  -0.16306951  -0.04880880   0.13362761  -0.19997368  -0.15256372   0.07701190   0.05107711  -0.04880880
 12233.175   0.06303869  -0.17297930  -0.05584599   0.14991006  -0.20798621  -0.15922841   0.08209646   0.05251804  -0.05584599
 12235.193   0.06597871  -0.18300424  -0.06328354   0.16489293  -0.20854261  -0.16530795   0.08783582   0.05446475  -0.06328354
 12237.211   0.06924080  -0.19283023  -0.07105562   0.17809281  -0.20135824  -0.17060408   0.09434652   0.05691705  -0.07105562
 12239.229   0.07273773  -0.20206258  -0.07898541   0.19128755  -0.18784516  -0.17602642   0.10128432   0.05971366  -0.07898541
 12241.247   0.07636415  -0.21042257  -0.08697818   0.20649942  -0.16816892  -0.18328361   0.10836837   0.06266475  -0.08697818
 12243.265   0.08016788  -0.21790075  -0.09513790   0.22415196  -0.14121745  -0.19371800   0.11675996   0.06574178  -0.09513790
 12245.283   0.08439589  -0.22416446  -0.10391489   0.24405069  -0.10503317  -0.20820163   0.12656392   0.06910778  -0.10391489
 12247.301   0.08919679  -0.22873449  -0.11364268   0.26589302  -0.05865190  -0.22694287   0.13661860   0.07295192  -0.11364268
 12249.319   0.09443526  -0.23087158  -0.12435455   0.28798450  -0.00377576  -0.24848946   0.14694148   0.07724587  -0.12435455
 12251.337   0.10001789  -0.22974445  -0.13614160   0.30831808   0.05716463  -0.27065237   0.15817466   0.08176478  -0.13614160
 12253.355   0.10592433  -0.22545440  -0.14901655   0.32741247   0.12179805  -0.29277369   0.17083642   0.08631011  -0.14901655
 12255.373   0.11215481  -0.21833818  -0.16286149   0.34689361   0.19015152  -0.31652509   0.18414688   0.09085385  -0.16286149
 12257.391   0.11873171  -0.20836108  -0.17758423   0.36642553   0.26672781  -0.34423278   0.19754027   0.09582871  -0.17758423
 12259.409   0.12574239  -0.19542598  -0.19334513   0.38511339   0.35406553  -0.37715836   0.21202138   0.10125924  -0.19334513
 12261.427   0.13317292  -0.17804695  -0.21086735   0.40433063   0.45019129  -0.41735432   0.22822910   0.10675518  -0.21086735
 12263.445   0.14086099  -0.15491624  -0.23058778   0.42653238   0.55245998  -0.46725738   0.24478166   0.11261982  -0.23058778
 12265.463   0.14878251  -0.12661639  -0.25253710   0.45250334   0.65521175  -0.52399361   0.26190458   0.11886532  -0.25253710
 12267.481   0.15723945  -0.09377150  -0.27740650   0.48261459   0.75058235  -0.58065815   0.28075241   0.12516355  -0.27740650
 12269.499   0.16649582  -0.05683784  -0.30567935   0.51727453   0.83575934  -0.63359926   0.30087656   0.13146112  -0.30567935
 12271.517   0.17650684  -0.01636998  -0.33645061   0.55418516   0.90935006  -0.68226270   0.32143157   0.13775835  -0.33645061
 12273.535   0.18720999   0.02737627  -0.36865002   0.58950435   0.96703276  -0.72618455   0.34137932   0.14398419  -0.36865002
 12275.553   0.19855726   0.07409342  -0.40215756   0.62195098   1.00510090  -0.76500300   0.36176086   0.15005472  -0.40215756
 12277.571   0.21044746   0.12224418  -0.43756366   0.65148638   1.02261860  -0.79805267   0.38273213   0.15552342  -0.43756366
 12279.589   0.22283376   0.17030477  -0.47524182   0.67587070   1.02283910  -0.82293978   0.40462124   0.16075990  -0.47524182
 12281.607   0.23574421   0.21708962  -0.51423260   0.69098163   1.00994890  -0.83383618   0.42755243   0.16616720  -0.51423260
 12283.625   0.24903629   0.26254518  -0.55321800   0.69307645   0.98520828  -0.82415970   0.44965166   0.17106069  -0.55321800
 12285.643   0.26232573   0.30765289  -0.59123876   0.68076185   0.94996397  -0.79499478   0.47005640   0.17526518  -0.59123876
 12287.661   0.27508150   0.35150502  -0.62707807   0.65456404   0.90260057  -0.75299630   0.48977739   0.17891961  -0.62707807
 12289.679   0.28699112   0.39252570  -0.65992804   0.61652072   0.83491703  -0.70145946   0.50910879   0.18210572  -0.65992804
 12291.697   0.29808945   0.43019852  -0.69050353   0.57091453   0.74653504  -0.64197123   0.52709191   0.18488653  -0.69050353
 12293.715   0.30832499   0.46306031  -0.71883425   0.52088162   0.64795580  -0.57561534   0.54420528   0.18720364  -0.71883425
 12295.733   0.31760117   0.48974338  -0.74410914   0.46602154   0.54467499  -0.50066563   0.55990931   0.18896213  -0.74410914
 12297.751   0.32589515   0.51151635  -0.76568362   0.40656857   0.43617967  -0.41654659   0.57411076   0.19013551  -0.76568362
 12299.769   0.33296900   0.52944016  -0.78266960   0.34396709   0.32263982  -0.32598399   0.58543207   0.19043835  -0.78266960
 12301.787   0.33870851   0.54287968  -0.79507817   0.27858296   0.20404967  -0.23213413   0.59333156   0.18998437  -0.79507817
 12303.805   0.34325481   0.55025494  -0.80338159   0.21121549   0.08048177  -0.13880110   0.59975206   0.18917269  -0.80338159
 12305.823   0.34658714   0.55039299  -0.80756413   0.14262136  -0.04606633  -0.04838819   0.60407112   0.18782302  -0.80756413
 12307.841   0.34867480   0.54436506  -0.80761901   0.07258960  -0.16771115   0.03834105   0.60484081   0.18586361  -0.80761901
 12309.859   0.34943627   0.53346273  -0.80374761   0.00206578  -0.27316729   0.12009970   0.60269459   0.18347501  -0.80374761
 12311.877   0.34874154   0.51773580  -0.79596264  -0.06696068  -0.36047791   0.19739008   0.59816945   0.18072922  -0.79596264
 12313.895   0.34670831   0.49853258  -0.78508128  -0.13183131  -0.43425955   0.27016003   0.59074383   0.17776462  -0.78508128
 12315.913   0.34351500   0.47692385  -0.77132725  -0.18958477  -0.49449898   0.33554940   0.58097563   0.17459309  -0.77132725
 12317.931   0.33930144   0.45263305  -0.75422609  -0.23936196  -0.54125677   0.39237024   0.56970091   0.17110841  -0.75422609
 12319.949   0.33430963   0.42618339  -0.73447059  -0.28264262  -0.57703572   0.44091015   0.55723933   0.16738425  -0.73447059
 12321.967   0.32863634   0.39839950  -0.71288093  -0.32223668  -0.60066171   0.47973404   0.54267619   0.16347402  -0.71288093
 12323.985   0.32233206   0.36982710  -0.69000605  -0.36060765  -0.61018977   0.50913574   0.52542620   0.15937772  -0.69000605
 12326.003   0.31536737   0.34119239  -0.66620719  -0.39801740  -0.60615569   0.53206272   0.50715875   0.15532006  -0.66620719
 12328.021   0.30756773   0.31310179  -0.64152413  -0.43401996  -0.58984647   0.55074251   0.48831227   0.15144574  -0.64152413
 12330.039   0.29903172   0.28608691  -0.61600184  -0.46824654  -0.56275947   0.56500085   0.46878985   0.14760276  -0.61600184
 12332.057   0.28995096   0.26071822  -0.58976980  -0.49820847  -0.52645728   0.57276399   0.44995859   0.14371912  -0.58976980
 12334.075   0.28036399   0.23720573  -0.56305632  -0.52129192  -0.48382615   0.57357697   0.43160334   0.13979481  -0.56305632
 12336.093   0.27032186   0.21592515  -0.53662262  -0.53696262  -0.43905030   0.56932583   0.41332484   0.13599681  -0.53662262
 12338.111   0.26003212   0.19711730  -0.51105026  -0.54462693  -0.39445428   0.56180348   0.39552522   0.13250725  -0.51105026
 12340.129   0.24969699   0.18035659  -0.48604884  -0.54271781  -0.35168567   0.55293675   0.37822775   0.12932006  -0.48604884
 12342.147   0.23950364   0.16525307  -0.46122663  -0.52989504  -0.31342948   0.54466042   0.36176631   0.12641397  -0.46122663
 12344.165   0.22960537   0.15191211  -0.43651911  -0.50647128  -0.27994141   0.53666883   0.34682835   0.12378896  -0.43651911
 12346.183   0.22022971   0.14005909  -0.41210545  -0.47447470  -0.24952337   0.52703526   0.33345919   0.12140065  -0.41210545
 12348.201   0.21165678   0.12935461  -0.38827078  -0.43648594  -0.22179848   0.51411360   0.32158804   0.11917607  -0.38827078
 12350.219   0.20395804   0.11983637  -0.36516015  -0.39568410  -0.19631695   0.49711478   0.30968376   0.11708668  -0.36516015
 12352.237   0.19707447   0.11142952  -0.34282136  -0.35601979  -0.17131094   0.47649710   0.29712906   0.11513248  -0.34282136
 12354.254   0.19092922   0.10410079  -0.32150856  -0.31932117  -0.14558239   0.45304871   0.28581169   0.11337187  -0.32150856
 12356.272   0.18538561   0.09791474  -0.30142828  -0.28508382  -0.11946481   0.42738875   0.27563019   0.11195322  -0.30142828
 12358.290   0.18035124   0.09300146  -0.28262081  -0.25363418  -0.09426516   0.40116775   0.26572280   0.11093103  -0.28262081
 12360.308   0.17593009   0.08948130  -0.26512847  -0.22575803  -0.07109083   0.37658649   0.25596712   0.11023773  -0.26512847
 12362.326   0.17213125   0.08704397  -0.24882087  -0.20109190  -0.05080383   0.35495027   0.24682015   0.10984116  -0.24882087
 12364.344   0.16874237   0.08528897  -0.23337047  -0.17941837  -0.03444586   0.33699597   0.23840124   0.10974133  -0.23337047
 12366.362   0.16561975   0.08414610  -0.21857875  -0.16053147  -0.02181343   0.32303540   0.23025347   0.10993824  -0.21857875
 12368.380   0.16274812   0.08348685  -0.20430685  -0.14253914  -0.01135293   0.31295696   0.22235630   0.11045107  -0.20430685
 12370.398   0.16019186   0.08320932  -0.19043135  -0.12284063  -0.00195205   0.30667617   0.21573613   0.11135324  -0.19043135
 12372.416   0.15803785   0.08331857  -0.17684599  -0.10100986   0.00687396   0.30389653   0.21026825   0.11269896  -0.17684599
 12374.434   0.15634751   0.08381077  -0.16324977  -0.07910722   0.01548460   0.30387454   0.20488507   0.11442984  -0.16324977
 12376.452   0.15518676   0.08472883  -0.14945597  -0.05905022   0.02400707   0.30561990   0.19971077   0.11639749  -0.14945597
 12378.470   0.15440998   0.08605330  -0.13544850  -0.04102574   0.03234735   0.30750548   0.19478596   0.11851196  -0.13544850
 12380.488   0.15382903   0.08773800  -0.12131873  -0.02409750   0.04015687   0.30713314   0.19020937   0.12103945  -0.12131873
 12382.506   0.15342691   0.08979058  -0.10719519  -0.00680578   0.04717330   0.30271551   0.18610481   0.12408254  -0.10719519
 12384.524   0.15333414   0.09216154  -0.09328080   0.01238658   0.05338532   0.29400406   0.18240236   0.12747759  -0.09328080
 12386.542   0.15372151   0.09477974  -0.07997383   0.03416900   0.05866096   0.28161967   0.17905456   0.13122461  -0.07997383
 12388.560   0.15460979   0.09761953  -0.06748490   0.05793513   0.06284713   0.26643453   0.17617117   0.13530439  -0.06748490
 12390.578   0.15593012   0.10063574  -0.05579160   0.08199753   0.06574426   0.25033570   0.17381442   0.13964324  -0.05579160
 12392.596   0.15767438   0.10377454  -0.04485435   0.10525448   0.06693713   0.23578865   0.17198429   0.14418667  -0.04485435
 12394.614   0.15985158   0.10697777  -0.03464826   0.12769168   0.06616492   0.22416446   0.17059723   0.14893467  -0.03464826
 12396.632   0.16244043   0.11009150  -0.02494266   0.14876901   0.06329568   0.21545186   0.16952908   0.15376744  -0.02494266
 12398.650   0.16544901   0.11298259  -0.01545758   0.16749584   0.05821513   0.20896753   0.16873922   0.15856163  -0.01545758
 12400.668   0.16881851   0.11559381  -0.00603855   0.18342611   0.05118889   0.20446601   0.16822765   0.16316090  -0.00603855
 12402.686   0.17243040   0.11782293   0.00321689   0.19654520   0.04256013   0.20212534   0.16799884   0.16758556   0.00321689
 12404.704   0.17622001   0.11960778   0.01216047   0.20721855   0.03240568   0.20172827   0.16806468   0.17200878   0.01216047
 12406.722   0.18015681   0.12092016   0.02108452   0.21591775   0.02079150   0.20287723   0.16835574   0.17653428   0.02108452
 12408.740   0.18425539   0.12165849   0.03028822   0.22275043   0.00761613   0.20533693   0.16873284   0.18176484   0.03028822
 12410.758   0.18851835   0.12176918   0.03980823   0.22766569  -0.00712928   0.20776433   0.16913379   0.18753534   0.03980823
 12412.776   0.19285338   0.12117661   0.04948426   0.22973696  -0.02253952   0.20717136   0.16955858   0.19310319   0.04948426
 12414.794   0.19718960   0.11974549   0.05912405   0.22736285  -0.03737895   0.20119739   0.17000721   0.19836587   0.05912405
 12416.812   0.20149327   0.11751661   0.06845427   0.22062933  -0.05083897   0.19006423   0.17047968   0.20341907   0.06845427
 12418.830   0.20561001   0.11473421   0.07698299   0.21095224  -0.06212509   0.17539791   0.17097599   0.20838611   0.07698299
 12420.848   0.20941377   0.11156516   0.08446594   0.19902561  -0.07073000   0.15843203   0.17148815   0.21315713   0.08446594
 12422.866   0.21295683   0.10808393   0.09112439   0.18512694  -0.07682531   0.14032029   0.17195709   0.21760923   0.09112439
 12424.884   0.21628683   0.10436925   0.09712283   0.16950205  -0.08073269   0.12190836   0.17232426   0.22173284   0.09712283
 12426.902   0.21938050   0.10048043   0.10239128   0.15186526  -0.08244999   0.10301849   0.17258219   0.22542410   0.10239128
 12428.920   0.22212456   0.09656455   0.10675832   0.13162855  -0.08156758   0.08332740   0.17273089   0.22808018   0.10675832
 12430.938   0.22439755   0.09273821   0.11004322   0.10847045  -0.07767955   0.06307409   0.17277036   0.22978399   0.11004322
 12432.956   0.22619408   0.08912711   0.11232300   0.08361163  -0.07127118   0.04331686   0.17270058   0.23111508   0.11232300
 12434.974   0.22751019   0.08594647   0.11375959   0.05956213  -0.06338166   0.02557139   0.17252158   0.23209517   0.11375959
 12436.992   0.22831442   0.08330518   0.11439402   0.03752872  -0.05465780   0.01027913   0.17223333   0.23270638   0.11439402
 12439.010   0.22872848   0.08107839   0.11442435   0.01748180  -0.04569925  -0.00325789   0.17183585   0.23284684   0.11442435
 12441.028   0.22886240   0.07917838   0.11398863  -0.00041597  -0.03696927  -0.01583856   0.17137504   0.23249036   0.11398863
 12443.046   0.22870357   0.07763876   0.11304560  -0.01637878  -0.02823409  -0.02824218   0.17094809   0.23173316   0.11304560
 12445.064   0.22824974   0.07649203   0.11155858  -0.03077072  -0.01903544  -0.04067702   0.17060627   0.23063794   0.11155858
 12447.082   0.22749798   0.07581746   0.10940447  -0.04319477  -0.00924137  -0.05246191   0.17034956   0.22920482   0.10940447
 12449.100   0.22650169   0.07562693   0.10659159  -0.05300785   0.00093023  -0.06296618   0.17017799   0.22743385   0.10659159
 12451.118   0.22537151   0.07590603   0.10335311  -0.05976632   0.01101158  -0.07166601   0.17009154   0.22540755   0.10335311
 12453.136   0.22416799   0.07667554   0.09986194  -0.06357876   0.02069890  -0.07811849   0.17009021   0.22328922   0.09986194
 12455.154   0.22293526   0.07788095   0.09615359  -0.06528283   0.03011016  -0.08265236   0.17017401   0.22115916   0.09615359
 12457.172   0.22170644   0.07947417   0.09227060  -0.06573031   0.03974738  -0.08605552   0.17035919   0.21905528   0.09227060
 12459.190   0.22047871   0.08145521   0.08825680  -0.06549974   0.05024427  -0.08866865   0.17067114   0.21707579   0.08825680
 12461.208   0.21926328   0.08387557   0.08416062  -0.06487261   0.06140837  -0.09012895   0.17108104   0.21524689   0.08416062
 12463.226   0.21806185   0.08692015   0.07998194  -0.06365591   0.07219071  -0.08995788   0.17154634   0.21347235   0.07998194
 12465.244   0.21686987   0.09066079   0.07577457  -0.06178185   0.08171754  -0.08831891   0.17206239   0.21168954   0.07577457
 12467.262   0.21571682   0.09483490   0.07172748  -0.05955940   0.08929798  -0.08580807   0.17262920   0.20989846   0.07172748
 12469.280   0.21463940   0.09917626   0.06795538  -0.05714412   0.09444089  -0.08287175   0.17324676   0.20809912   0.06795538
 12471.298   0.21362190   0.10360219   0.06436162  -0.05470738   0.09761571  -0.08015571   0.17391508   0.20629150   0.06436162
 12473.316   0.21263552   0.10811516   0.06082052  -0.05279476   0.10001689  -0.07842802   0.17463415   0.20447942   0.06082052
 12475.334   0.21167730   0.11274431   0.05730878  -0.05179924   0.10228702  -0.07770066   0.17537695   0.20266790   0.05730878
 12477.352   0.21074332   0.11748485   0.05379930  -0.05153513   0.10373407  -0.07728743   0.17604601   0.20086186   0.05379930
 12479.370   0.20980226   0.12236016   0.05027408  -0.05174147   0.10302037  -0.07665738   0.17656174   0.19906497   0.05027408
 12481.388   0.20883340   0.12729249   0.04676370  -0.05249533   0.09979813  -0.07569773   0.17691503   0.19727721   0.04676370
 12483.406   0.20784748   0.13196228   0.04332684  -0.05402681   0.09469678  -0.07446960   0.17710588   0.19549859   0.04332684
 12485.424   0.20685047   0.13610765   0.03999692  -0.05645719   0.08823885  -0.07310435   0.17713428   0.19372911   0.03999692
 12487.442   0.20581520   0.13985541   0.03674134  -0.06000342   0.08120033  -0.07181173   0.17700024   0.19196646   0.03674134
 12489.460   0.20469086   0.14338579   0.03351983  -0.06539312   0.07462708  -0.07078513   0.17670376   0.19020654   0.03351983
 12491.478   0.20345367   0.14670364   0.03032561  -0.07327702   0.06863243  -0.07001885   0.17624484   0.18844754   0.03032561
 12493.496   0.20207711   0.14976240   0.02715951  -0.08309392   0.06236885  -0.06931564   0.17562347   0.18668568   0.02715951
 12495.514   0.20046923   0.15250650   0.02402496  -0.09357166   0.05521018  -0.06845637   0.17486676   0.18491638   0.02402496
 12497.532   0.19857983   0.15490841   0.02092193  -0.10385106   0.04733095  -0.06731746   0.17405602   0.18313887   0.02092193
 12499.550   0.19648539   0.15691430   0.01786716  -0.11305782   0.03937041  -0.06588231   0.17324544   0.18135313   0.01786716
 12501.568   0.19427126   0.15847611   0.01489634  -0.12019887   0.03174863  -0.06416605   0.17240668   0.17955919   0.01489634
 12503.586   0.19196145   0.15968015   0.01202393  -0.12517321   0.02474232  -0.06219422   0.17150745   0.17773890   0.01202393
 12505.604   0.18957594   0.16063094   0.00924729  -0.12850926   0.01876036  -0.05997585   0.17054384   0.17581386   0.00924729
 12507.622   0.18713715   0.16133336   0.00656560  -0.13032002   0.01382923  -0.05745014   0.16951584   0.17372606   0.00656560
 12509.640   0.18466772   0.16182798   0.00398478  -0.13046317   0.00942981  -0.05455474   0.16842344   0.17147961   0.00398478
 12511.658   0.18220864   0.16215972   0.00154723  -0.12942014   0.00493610  -0.05124070   0.16720146   0.16907633   0.00154723
 12513.676   0.17980728   0.16233406  -0.00071168  -0.12835962  -0.00014072  -0.04752319   0.16575318   0.16651660  -0.00071168
 12515.694   0.17748671   0.16229846  -0.00278720  -0.12786931  -0.00611751  -0.04363187   0.16404701   0.16382893  -0.00278720
 12517.712   0.17517680   0.16192798  -0.00466532  -0.12748498  -0.01317521  -0.03986228   0.16208287   0.16104139  -0.00466532
 12519.730   0.17277557   0.16116900  -0.00636181  -0.12692720  -0.02122031  -0.03632718   0.15986076   0.15815398  -0.00636181
 12521.748   0.17033941   0.16001542  -0.00791686  -0.12612291  -0.02986276  -0.03296151   0.15743148   0.15516669  -0.00791686
 12523.766   0.16798654   0.15844081  -0.00934672  -0.12446033  -0.03886713  -0.02960374   0.15487600   0.15209766  -0.00934672
 12525.784   0.16572112   0.15646740  -0.01064620  -0.12220151  -0.04825330  -0.02614232   0.15222445   0.14902530  -0.01064620
 12527.802   0.16350551   0.15407422  -0.01177220  -0.12139592  -0.05809120  -0.02254482   0.14947684   0.14602504  -0.01177220
 12529.820   0.16131893   0.15121157  -0.01269626  -0.12339041  -0.06837512  -0.01878700   0.14663317   0.14311726  -0.01269626
 12531.838   0.15908788   0.14786033  -0.01345212  -0.12711011  -0.07871213  -0.01495848   0.14375864   0.14030723  -0.01345212
 12533.856   0.15667962   0.14397504  -0.01404775  -0.13082473  -0.08850140  -0.01118611   0.14094996   0.13759452  -0.01404775
 12535.874   0.15409897   0.13959957  -0.01447526  -0.13405144  -0.09738326  -0.00741360   0.13823863   0.13495066  -0.01447526
 12537.892   0.15150737   0.13487137  -0.01473493  -0.13695258  -0.10509695  -0.00353581   0.13562221   0.13234757  -0.01473493
 12539.910   0.14900650   0.12985767  -0.01481250  -0.13960819  -0.11157152   0.00043591   0.13307688   0.12978525  -0.01481250
 12541.928   0.14649013   0.12458724  -0.01470197  -0.14278165  -0.11706213   0.00437997   0.13055876   0.12727786  -0.01470197
 12543.946   0.14382808   0.11908623  -0.01440333  -0.14727275  -0.12177817   0.00809348   0.12801920   0.12486002  -0.01440333
 12545.964   0.14100774   0.11335942  -0.01392179  -0.15215499  -0.12578597   0.01142934   0.12543196   0.12255219  -0.01392179
 12547.982   0.13806613   0.10746641  -0.01329974  -0.15507433  -0.12906950   0.01432352   0.12279704   0.12033923  -0.01329974
 12550.000   0.13508071   0.10145633  -0.01257294  -0.15433065  -0.13153898   0.01677971   0.12013554   0.11820077  -0.01257294
 12552.018   0.13214163   0.09534565  -0.01175216  -0.14986322  -0.13327746   0.01890560   0.11747176   0.11613155  -0.01175216
 12554.036   0.12935980   0.08918017  -0.01084969  -0.14273419  -0.13425284   0.02094675   0.11480896   0.11413156  -0.01084969
 12556.054   0.12679744   0.08298616  -0.00985677  -0.13432139  -0.13405548   0.02322858   0.11214714   0.11220234  -0.00985677
 12558.072   0.12442801   0.07676367  -0.00878086  -0.12595661  -0.13250314   0.02590281   0.10948873   0.11036977  -0.00878086
 12560.090   0.12219517   0.07063609  -0.00758115  -0.11873434  -0.12969801   0.02879302   0.10685758   0.10865823  -0.00758115
 12562.108   0.12006684   0.06473335  -0.00619724  -0.11306669  -0.12567323   0.03162970   0.10429485   0.10705358  -0.00619724
 12564.126   0.11802866   0.05907131  -0.00464370  -0.10889263  -0.12068073   0.03422011   0.10183510   0.10552119  -0.00464370
 12566.144   0.11606472   0.05365936  -0.00298957  -0.10604594  -0.11524675   0.03633357   0.09949312   0.10404060  -0.00298957
 12568.162   0.11415006   0.04849923  -0.00128690  -0.10425410  -0.10967376   0.03783026   0.09726890   0.10261180  -0.00128690
 12570.180   0.11223809   0.04359717   0.00046219  -0.10311676  -0.10398722   0.03881486   0.09514136   0.10123481   0.00046219
 12572.198   0.11031787   0.03895911   0.00225631  -0.10208786  -0.09815355   0.03950428   0.09308618   0.09990962   0.00225631
 12574.216   0.10840455   0.03458629   0.00407921  -0.10048239  -0.09242627   0.03987527   0.09110012   0.09864903   0.00407921
 12576.234   0.10652711   0.03049104   0.00591103  -0.09777474  -0.08739402   0.03965860   0.08918725   0.09747160   0.00591103
 12578.252   0.10471715   0.02668757   0.00774903  -0.09391756  -0.08339122   0.03878945   0.08736682   0.09635875   0.00774903
 12580.270   0.10299882   0.02305346   0.00953123  -0.08911604  -0.08049131   0.03752054   0.08565396   0.09528608   0.00953123
 12582.288   0.10138812   0.01945354   0.01119385  -0.08357647  -0.07881349   0.03611813   0.08402890   0.09425361   0.01119385
 12584.306   0.09988204   0.01587690   0.01275361  -0.07759356  -0.07818790   0.03478768   0.08245708   0.09326132   0.01275361
 12586.324   0.09848960   0.01231438   0.01427242  -0.07158720  -0.07797873   0.03378891   0.08092372   0.09230922   0.01427242
 12588.342   0.09722405   0.00874704   0.01578667  -0.06579993  -0.07763722   0.03322545   0.07942882   0.09139731   0.01578667
 12590.360   0.09607310   0.00516345   0.01728855  -0.06043589  -0.07697770   0.03291233   0.07797237   0.09052559   0.01728855
 12592.378   0.09501115   0.00160885   0.01877803  -0.05593808  -0.07586442   0.03260793   0.07655439   0.08969941   0.01877803
 12594.396   0.09403175  -0.00185660   0.02025510  -0.05253284  -0.07408270   0.03223309   0.07517486   0.08894584   0.02025510
 12596.414   0.09310942  -0.00522807   0.02171444  -0.05001801  -0.07161187   0.03178692   0.07384906   0.08827926   0.02171444
 12598.432   0.09220955  -0.00847628   0.02314995  -0.04816029  -0.06866805   0.03122479   0.07258448   0.08769235   0.02314995
 12600.450   0.09132568  -0.01156247   0.02456037  -0.04678648  -0.06537313   0.03052994   0.07137335   0.08718513   0.02456037
 12602.468   0.09046397  -0.01448216   0.02593872  -0.04561102  -0.06174575   0.02974692   0.07021566   0.08675760   0.02593872
 12604.486   0.08962954  -0.01723347   0.02727169  -0.04439101  -0.05787466   0.02890733   0.06911141   0.08640975   0.02727169
 12606.504   0.08881752  -0.01980913   0.02855963  -0.04310321  -0.05393986   0.02801989   0.06806062   0.08614158   0.02855963
 12608.522   0.08802577  -0.02219084   0.02981102  -0.04183368  -0.05019347   0.02712319   0.06706326   0.08595309   0.02981102
 12610.540   0.08726049  -0.02436955   0.03102436  -0.04057865  -0.04682452   0.02624576   0.06611934   0.08584429   0.03102436
 12612.558   0.08651950  -0.02639355   0.03219686  -0.03926135  -0.04401617   0.02536816   0.06522887   0.08579388   0.03219686
 12614.576   0.08580026  -0.02832372   0.03332853  -0.03786455  -0.04199365   0.02447494   0.06439084   0.08573561   0.03332853
 12616.594   0.08510626  -0.03017666   0.03441938  -0.03639115  -0.04073501   0.02358510   0.06358105   0.08562455   0.03441938
 12618.612   0.08444129  -0.03199415   0.03546939  -0.03481586  -0.03998518   0.02271327   0.06276893   0.08546069   0.03546939
 12620.630   0.08380880  -0.03381027   0.03647855  -0.03314384  -0.03956541   0.02183135   0.06194713   0.08524403   0.03647855
 12622.648   0.08320881  -0.03562009   0.03745121  -0.03145744  -0.03934356   0.02091047   0.06111563   0.08497458   0.03745121
 12624.666   0.08264130  -0.03742084   0.03838688  -0.02990084  -0.03914441   0.01996753   0.06027446   0.08465233   0.03838688
 12626.684   0.08210628  -0.03921085   0.03927330  -0.02857342  -0.03888767   0.01901598   0.05942359   0.08427728   0.03927330
 12628.702   0.08159570  -0.04098961   0.04010962  -0.02752891  -0.03856385   0.01805144   0.05856304   0.08384944   0.04010962
 12630.720   0.08109807  -0.04275319   0.04090433  -0.02687010  -0.03808161   0.01710185   0.05769279   0.08336866   0.04090433
 12632.738   0.08060989  -0.04449790   0.04165939  -0.02665456  -0.03730140   0.01619610   0.05682607   0.08284766   0.04165939
 12634.756   0.08012466  -0.04621537   0.04237472  -0.02681167  -0.03618362   0.01531739   0.05598214   0.08230976   0.04237472
 12636.774   0.07962978  -0.04786765   0.04305033  -0.02726524  -0.03476549   0.01444275   0.05517087   0.08176543   0.04305033
 12638.792   0.07911911  -0.04942659   0.04368622  -0.02796580  -0.03308168   0.01359370   0.05439612   0.08121467   0.04368622
 12640.810   0.07859237  -0.05089774   0.04428240  -0.02881185  -0.03123318   0.01283789   0.05365788   0.08065748   0.04428240
 12642.828   0.07804901  -0.05228498   0.04483887  -0.02970249  -0.02936419   0.01223335   0.05295616   0.08009385   0.04483887
 12644.846   0.07748877  -0.05358828   0.04536728  -0.03060282  -0.02752145   0.01179667   0.05229095   0.07952379   0.04536728
 12646.864   0.07691167  -0.05480763   0.04588665  -0.03150582  -0.02562126   0.01152093   0.05166226   0.07894730   0.04588665
 12648.882   0.07631771  -0.05594301   0.04640430  -0.03239365  -0.02355528   0.01136533   0.05107007   0.07836613   0.04640430
 12650.900   0.07570696  -0.05699326   0.04692045  -0.03318933  -0.02136550   0.01124853   0.05050944   0.07778380   0.04692045
 12652.918   0.07507981  -0.05793061   0.04743176  -0.03374657  -0.01919233   0.01109282   0.04993435   0.07720512   0.04743176
 12654.936   0.07443838  -0.05873702   0.04793469  -0.03395479  -0.01709399   0.01086038   0.04929874   0.07663318   0.04793469
 12656.954   0.07379462  -0.05944975   0.04842651  -0.03379018  -0.01513020   0.01055052   0.04859754   0.07606798   0.04842651
 12658.972   0.07316378  -0.06009587   0.04890101  -0.03327489  -0.01340091   0.01017835   0.04783077   0.07550951   0.04890101
 12660.990   0.07255122  -0.06067380   0.04935477  -0.03249278  -0.01186163   0.00975744   0.04699843   0.07495778   0.04935477
 12663.008   0.07195647  -0.06118354   0.04978778  -0.03159868  -0.01032287   0.00930228   0.04610051   0.07441278   0.04978778
 12665.026   0.07137841  -0.06162510   0.05020003  -0.03071596  -0.00864768   0.00882572   0.04513701   0.07387453   0.05020003
 12667.044   0.07081662  -0.06199731   0.05059142  -0.02988436  -0.00687106   0.00832276   0.04410794   0.07334301   0.05059142
 12669.062   0.07026995  -0.06227879   0.05095969  -0.02911858  -0.00511242   0.00774114   0.04304177   0.07282838   0.05095969
 12671.080   0.06973726  -0.06245367   0.05130329  -0.02845733  -0.00342677   0.00701140   0.04198952   0.07234045   0.05130329
 12673.098   0.06921718  -0.06255229   0.05161808  -0.02803114  -0.00183301   0.00612576   0.04100153   0.07187885   0.05161808
 12675.116   0.06870674  -0.06259906   0.05188447  -0.02805171  -0.00033270   0.00511379   0.04010564   0.07144356   0.05188447
 12677.134   0.06820020  -0.06259360   0.05209038  -0.02864578   0.00117385   0.00399562   0.03930184   0.07103460   0.05209038
 12679.152   0.06767748  -0.06252239   0.05224200  -0.02971346   0.00283929   0.00282354   0.03859013   0.07065197   0.05224200
 12681.170   0.06711701  -0.06236243   0.05234277  -0.03100852   0.00474444   0.00166753   0.03797050   0.07029565   0.05234277
 12683.188   0.06651429  -0.06210549   0.05239270  -0.03228242   0.00682599   0.00054580   0.03744297   0.06996567   0.05239270
 12685.206   0.06588807  -0.06174459   0.05239177  -0.03328726   0.00891392  -0.00055323   0.03700753   0.06966200   0.05239177
 12687.224   0.06525666  -0.06127371   0.05234012  -0.03385998   0.01089395  -0.00161407   0.03666418   0.06937660   0.05234012
 12689.242   0.06462209  -0.06071402   0.05223999  -0.03400896   0.01269712  -0.00256732   0.03637153   0.06906660   0.05223999
 12691.260   0.06398674  -0.06008573   0.05209351  -0.03379066   0.01420899  -0.00332955   0.03607052   0.06869595   0.05209351
 12693.278   0.06335249  -0.05938975   0.05190902  -0.03313906   0.01535423  -0.00387330   0.03574345   0.06826341   0.05190902
 12695.296   0.06273014  -0.05864158   0.05170970  -0.03222085   0.01609803  -0.00421000   0.03539033   0.06776899   0.05170970
 12697.314   0.06213543  -0.05786516   0.05151038  -0.03162704   0.01638222  -0.00436654   0.03501117   0.06721268   0.05151038
 12699.332   0.06158525  -0.05708621   0.05131105  -0.03184395   0.01619006  -0.00441462   0.03460595   0.06659447   0.05131105
 12701.350   0.06103615  -0.05633635   0.05111091  -0.03292530   0.01557467  -0.00443829   0.03417469   0.06591438   0.05111091
 12703.368   0.06042599  -0.05563175   0.05090902  -0.03466071   0.01462822  -0.00447043   0.03371737   0.06517240   0.05090902
 12705.386   0.05973921  -0.05498030   0.05070528  -0.03670146   0.01350343  -0.00450932   0.03323400   0.06438360   0.05070528
 12707.404   0.05900796  -0.05438921   0.05049964  -0.03849257   0.01238940  -0.00455115   0.03272461   0.06357879   0.05049964
 12709.422   0.05827182  -0.05385869   0.05029204  -0.03966617   0.01145223  -0.00459363   0.03220219   0.06279659   0.05029204
 12711.440   0.05752944  -0.05337586   0.05008251  -0.04043430   0.01086533  -0.00463641   0.03167980   0.06205990   0.05008251
 12713.458   0.05677973  -0.05291475   0.04987102  -0.04129664   0.01079256  -0.00467930   0.03115757   0.06136871   0.04987102
 12715.476   0.05601444  -0.05244927   0.04965759  -0.04217264   0.01129437  -0.00472040   0.03063550   0.06072302   0.04965759
 12717.494   0.05521897  -0.05194113   0.04944221  -0.04236328   0.01232736  -0.00475589   0.03011358   0.06012284   0.04944221
 12719.512   0.05438679  -0.05136096   0.04922488  -0.04146387   0.01379730  -0.00478345   0.02959183   0.05956816   0.04922488
 12721.530   0.05357768  -0.05069776   0.04900642  -0.03964407   0.01556121  -0.00479951   0.02907023   0.05905899   0.04900642
 12723.548   0.05285930  -0.04994358   0.04878775  -0.03732400   0.01745610  -0.00479279   0.02854878   0.05859532   0.04878775
 12725.566   0.05222985  -0.04909751   0.04856898  -0.03506028   0.01934851  -0.00475253   0.02802749   0.05816208   0.04856898
 12727.584   0.05163675  -0.04816160   0.04835164  -0.03357157   0.02109767  -0.00470957   0.02750639   0.05773654   0.04835164
 12729.602   0.05103336  -0.04714083   0.04813933  -0.03324593   0.02257933  -0.00474203   0.02698546   0.05730467   0.04813933
 12731.620   0.05041611  -0.04605101   0.04793414  -0.03381273   0.02371789  -0.00491044   0.02646470   0.05685860   0.04793414
 12733.638   0.04978247  -0.04492189   0.04772170  -0.03468807   0.02444709  -0.00524796   0.02594410   0.05639676   0.04772170
 12735.656   0.04912875  -0.04377180   0.04748195  -0.03550125   0.02476000  -0.00578520   0.02542366   0.05591915   0.04748195
 12737.674   0.04845456  -0.04261818   0.04720912  -0.03615469   0.02474396  -0.00650409   0.02490338   0.05542577   0.04720912
 12739.692   0.04776958  -0.04148100   0.04689903  -0.03654860   0.02449026  -0.00732877   0.02438325   0.05491661   0.04689903
 12741.710   0.04708281  -0.04036424   0.04654766  -0.03656565   0.02406547  -0.00820607   0.02386329   0.05439169   0.04654766
 12743.728   0.04639728  -0.03926945   0.04615499  -0.03617363   0.02355379  -0.00912481   0.02334349   0.05385098   0.04615499
 12745.746   0.04572226  -0.03820131   0.04572102  -0.03541869   0.02301170  -0.01007873   0.02282385   0.05329025   0.04572102
 12747.763   0.04506654  -0.03716095   0.04524429  -0.03433257   0.02245690  -0.01103238   0.02231493   0.05268050   0.04524429
 12749.781   0.04443628  -0.03614549   0.04472124  -0.03296443   0.02191987  -0.01190985   0.02182807   0.05200328   0.04472124
 12751.799   0.04383510  -0.03515540   0.04414976  -0.03141867   0.02142675  -0.01265048   0.02136403   0.05126649   0.04414976
 12753.817   0.04326571  -0.03418817   0.04354424  -0.02984586   0.02097280  -0.01321025   0.02092280   0.05047169   0.04354424
 12755.835   0.04272878  -0.03323855   0.04292474  -0.02842560   0.02052671  -0.01350073   0.02050439   0.04961890   0.04292474
 12757.853   0.04222188  -0.03230510   0.04229706  -0.02729361   0.02004789  -0.01345672   0.02010879   0.04870810   0.04229706
 12759.871   0.04173475  -0.03139025   0.04167053  -0.02655186   0.01951392  -0.01310612   0.01973601   0.04773930   0.04167053
 12761.889   0.04125437  -0.03050398   0.04107060  -0.02627608   0.01891996  -0.01247114   0.01938604   0.04671249   0.04107060
 12763.907   0.04077455  -0.02965234   0.04051348  -0.02643315   0.01827280  -0.01155257   0.01905934   0.04564135   0.04051348
 12765.925   0.04028591  -0.02883183   0.04000474  -0.02689828   0.01760945  -0.01042730   0.01875755   0.04455929   0.04000474
 12767.943   0.03978199  -0.02804146   0.03955457  -0.02756812   0.01697495  -0.00920969   0.01847127   0.04351081   0.03955457
 12769.961   0.03926271  -0.02728009   0.03916757  -0.02833866   0.01637757  -0.00796829   0.01818908   0.04252065   0.03916757
 12771.979   0.03872805  -0.02654433   0.03883902  -0.02906467   0.01580754  -0.00678786   0.01791021   0.04158882   0.03883902
 12773.997   0.03817804  -0.02583295   0.03856337  -0.02964609   0.01526551  -0.00578914   0.01763466   0.04071531   0.03856337
 12776.015   0.03761640  -0.02514594   0.03833681  -0.03002398   0.01476991  -0.00506550   0.01736241   0.03990012   0.03833681
 12778.033   0.03705056  -0.02448330   0.03814044  -0.03012446   0.01435274  -0.00467717   0.01709348   0.03914325   0.03814044
 12780.051   0.03648515  -0.02384260   0.03795313  -0.02991389   0.01403434  -0.00465152   0.01682786   0.03844471   0.03795313
 12782.069   0.03592639  -0.02321330   0.03775348  -0.02943788   0.01382351  -0.00497319   0.01656555   0.03780455   0.03775348
 12784.087   0.03538180  -0.02258664   0.03752528  -0.02875966   0.01372196  -0.00558658   0.01630613   0.03720919   0.03752528
 12786.105   0.03485386  -0.02196082   0.03726296  -0.02793711   0.01370337  -0.00639773   0.01604798   0.03662949   0.03726296
 12788.123   0.03434277  -0.02133362   0.03695633  -0.02704392   0.01372230  -0.00730120   0.01578991   0.03604995   0.03695633
 12790.141   0.03384863  -0.02070402   0.03660079  -0.02613706   0.01374969  -0.00822844   0.01553192   0.03547057   0.03660079
 12792.159   0.03337145  -0.02007214   0.03620108  -0.02525620   0.01376909  -0.00909321   0.01527401   0.03489135   0.03620108
 12794.177   0.03291125  -0.01943940   0.03576273  -0.02444347   0.01375606  -0.00978066   0.01501618   0.03431230   0.03576273
 12796.195   0.03246744  -0.01880711   0.03528954  -0.02372880   0.01368696  -0.01024948   0.01475843   0.03373341   0.03528954
 12798.213   0.03203591  -0.01817747   0.03480112  -0.02315691   0.01355352  -0.01051805   0.01450076   0.03315534   0.03480112
 12800.231   0.03161324  -0.01755628   0.03431523  -0.02278551   0.01335779  -0.01060274   0.01424317   0.03259420   0.03431523
 12802.249   0.03119740  -0.01694766   0.03383300  -0.02262122   0.01310606  -0.01055183   0.01398565   0.03206536   0.03383300
 12804.267   0.03078215  -0.01635280   0.03335521  -0.02266670   0.01280758  -0.01044682   0.01373711   0.03156875   0.03335521
 12806.285   0.03036241  -0.01577232   0.03288299  -0.02296998   0.01246802  -0.01032935   0.01351037   0.03110436   0.03288299
 12808.303   0.02993734  -0.01520624   0.03241671  -0.02349617   0.01209074  -0.01020361   0.01330938   0.03067216   0.03241671
 12810.321   0.02949977  -0.01465826   0.03195635  -0.02405364   0.01167079  -0.01007380   0.01313413   0.03027217   0.03195635
 12812.339   0.02904248  -0.01413202   0.03150193  -0.02443731   0.01119774  -0.00994471   0.01298462   0.02990440   0.03150193
 12814.357   0.02857090  -0.01362767   0.03105343  -0.02452479   0.01068906  -0.00982269   0.01286085   0.02956883   0.03105343
 12816.375   0.02810389  -0.01314912   0.03061086  -0.02421858   0.01018122  -0.00971425   0.01276283   0.02926546   0.03061086
 12818.393   0.02765479  -0.01269789   0.03017354  -0.02348149   0.00969031  -0.00962359   0.01269055   0.02899391   0.03017354
 12820.411   0.02722498  -0.01226818   0.02973963  -0.02241467   0.00923515  -0.00954699   0.01264402   0.02873938   0.02973963
 12822.429   0.02681681  -0.01185640   0.02930799  -0.02117216   0.00884851  -0.00946945   0.01259579   0.02848749   0.02930799
 12824.447   0.02643307  -0.01146256   0.02887786  -0.01978964   0.00854613  -0.00937343   0.01250816   0.02823824   0.02887786
 12826.465   0.02607646  -0.01108209   0.02845171  -0.01820725   0.00835356  -0.00923355   0.01236689   0.02799164   0.02845171
 12828.483   0.02574785  -0.01070996   0.02803318  -0.01643933   0.00831724  -0.00901893   0.01216802   0.02774767   0.02803318
 12830.501   0.02545446  -0.01033973   0.02762406  -0.01464040   0.00845734  -0.00872153   0.01191155   0.02750635   0.02762406
 12832.519   0.02520392  -0.00995673   0.02723114  -0.01298964   0.00876181  -0.00835483   0.01159749   0.02726768   0.02723114
 12834.537   0.02499107  -0.00955076   0.02685974  -0.01159676   0.00920322  -0.00793082   0.01122582   0.02703164   0.02685974
 12836.555   0.02479786  -0.00911823   0.02650988  -0.01055755   0.00969696  -0.00746837   0.01079656   0.02679825   0.02650988
 12838.573   0.02461260  -0.00865865   0.02618155  -0.00990289   0.01011073  -0.00699419   0.01031514   0.02656724   0.02618155
 12840.591   0.02443470  -0.00817359   0.02587475  -0.00951390   0.01035385  -0.00652800   0.00981036   0.02633702   0.02587475
 12842.609   0.02426180  -0.00767915   0.02558948  -0.00923959   0.01038880  -0.00608656   0.00933302   0.02610529   0.02558948
 12844.627   0.02409297  -0.00719500   0.02532573  -0.00902921   0.01020088  -0.00568264   0.00891192   0.02587109   0.02532573
 12846.645   0.02392802  -0.00672922   0.02507990  -0.00887910   0.00979879  -0.00533507   0.00854841   0.02563442   0.02507990
 12848.663   0.02376548  -0.00628686   0.02484797  -0.00878414   0.00921788  -0.00507053   0.00824250   0.02539528   0.02484797
 12850.681   0.02360396  -0.00587068   0.02462817  -0.00875403   0.00850349  -0.00489284   0.00799419   0.02515367   0.02462817
 12852.699   0.02344257  -0.00549161   0.02441372  -0.00879324   0.00773158  -0.00478694   0.00780348   0.02490959   0.02441372
 12854.717   0.02327988  -0.00515829   0.02419927  -0.00889153   0.00701619  -0.00474408   0.00767037   0.02466303   0.02419927
 12856.735   0.02311439  -0.00486906   0.02398481  -0.00903465   0.00648916  -0.00474837   0.00759485   0.02441400   0.02398481
 12858.753   0.02294511  -0.00460389   0.02376959  -0.00919453   0.00629216  -0.00477510   0.00757149   0.02416251   0.02376959
 12860.771   0.02277207  -0.00433837   0.02355255  -0.00932736   0.00650551  -0.00481506   0.00757149   0.02390833   0.02355255
 12862.789   0.02259560  -0.00405018   0.02333339  -0.00939742   0.00709332  -0.00486785   0.00757149   0.02365116   0.02333339
 12864.807   0.02241827  -0.00371628   0.02311151  -0.00938452   0.00794530  -0.00492945   0.00757149   0.02339088   0.02311151
 12866.825   0.02224274  -0.00332987   0.02288634  -0.00928110   0.00894307  -0.00499689   0.00757149   0.02312750   0.02288634
 12868.843   0.02207048  -0.00289252   0.02265787  -0.00909827   0.00988187  -0.00506819   0.00757149   0.02286102   0.02265787
 12870.861   0.02190280  -0.00240876   0.02242611  -0.00886511   0.01044467  -0.00514075   0.00757149   0.02259143   0.02242611
 12872.879   0.02174019  -0.00188156   0.02219105  -0.00861245   0.01037753  -0.00521159   0.00757149   0.02231874   0.02219105
 12874.897   0.02158299  -0.00135644   0.02195269  -0.00837958   0.00955873  -0.00527670   0.00757149   0.02204295   0.02195269
 12876.915   0.02143066  -0.00090331   0.02171105  -0.00821137   0.00795110  -0.00533311   0.00757149   0.02176406   0.02171105
 12878.933   0.02128215  -0.00056341   0.02146689  -0.00814333   0.00569150  -0.00537886   0.00757149   0.02148283   0.02146689
 12880.951   0.02113399  -0.00035740   0.02122126  -0.00820212   0.00324341  -0.00541138   0.00757149   0.02120139   0.02122126
 12882.969   0.02098311  -0.00028915   0.02097445  -0.00839243   0.00115723  -0.00543111   0.00757149   0.02092212   0.02097445
 12884.987   0.02082682  -0.00034056   0.02072707  -0.00868997  -0.00028629  -0.00544205   0.00757149   0.02064611   0.02072707
 12887.005   0.02066266  -0.00043278   0.02047969  -0.00905950  -0.00101720  -0.00544716   0.00757149   0.02037335   0.02047969
 12889.023   0.02049062  -0.00050358   0.02023231  -0.00946582  -0.00096077  -0.00544843   0.00757149   0.02010384   0.02023231
 12891.041   0.02031071  -0.00054840   0.01998493  -0.00987591  -0.00010288  -0.00544844   0.00757149   0.01983758   0.01998493
 12893.059   0.02012292  -0.00056429   0.01973755  -0.01027919   0.00139822  -0.00544847   0.00757149   0.01957458   0.01973755
 12895.077   0.01992803  -0.00050573   0.01949017  -0.01066918   0.00340869  -0.00544852   0.00757149   0.01931483   0.01949017
 12897.095   0.01972626  -0.00031480   0.01924279  -0.01103805   0.00588072  -0.00544857   0.00757149   0.01905833   0.01924279
 12899.113   0.01951689   0.00001913   0.01899540  -0.01140601   0.00862909  -0.00544859   0.00757149   0.01880353   0.01899540
 12901.131   0.01930184   0.00049089   0.01874801  -0.01179193   0.01115329  -0.00544859   0.00756739   0.01854726   0.01874801
 12903.149   0.01908064   0.00109126   0.01850062  -0.01219317   0.01288033  -0.00544856   0.00754654   0.01828791   0.01850062
 12905.167   0.01885079   0.00179305   0.01825323  -0.01261623   0.01355124  -0.00544852   0.00750042   0.01802548   0.01825323
 12907.185   0.01861227   0.00249751   0.01800585  -0.01303126   0.01315827  -0.00544847   0.00742902   0.01775998   0.01800585
 12909.203   0.01836508   0.00310937   0.01775847  -0.01333668   0.01178085  -0.00544844   0.00733235   0.01749139   0.01775847
 12911.221   0.01810923   0.00361068   0.01751109  -0.01345515   0.00972082  -0.00544918   0.00721039   0.01721971   0.01751109
 12913.239   0.01785171   0.00400143   0.01726371  -0.01336057   0.00746779  -0.00545964   0.00706316   0.01694496   0.01726371
 12915.257   0.01760142   0.00428163   0.01701633  -0.01303512   0.00532282  -0.00549549   0.00689066   0.01666713   0.01701633
 12917.275   0.01736132   0.00446366   0.01676861  -0.01249160   0.00338179  -0.00556468   0.00669287   0.01638722   0.01676861
 12919.293   0.01713329   0.00456547   0.01651682  -0.01178409   0.00176670  -0.00566899   0.00646981   0.01610762   0.01651682
 12921.311   0.01691876   0.00459386   0.01625757  -0.01096213   0.00060770  -0.00580971   0.00622506   0.01583049   0.01625757
 12923.329   0.01672092   0.00456802   0.01599064  -0.01005856  -0.00000878  -0.00597863   0.00596970   0.01555659   0.01599064
 12925.347   0.01654242   0.00452466   0.01571545  -0.00910753  -0.00002205  -0.00616006   0.00571126   0.01528592   0.01571545
 12927.365   0.01638327   0.00449911   0.01543165  -0.00818442   0.00055033  -0.00634606   0.00544975   0.01501848   0.01543165
 12929.383   0.01624220   0.00452599   0.01513924  -0.00745718   0.00158637  -0.00653483   0.00518515   0.01475427   0.01513924
 12931.401   0.01611743   0.00462323   0.01483823  -0.00709348   0.00292803  -0.00672357   0.00491748   0.01449329   0.01483823
 12933.419   0.01600137   0.00479084   0.01452862  -0.00714866   0.00438320  -0.00690257   0.00464672   0.01423554   0.01452862
 12935.437   0.01587624   0.00502881   0.01421040  -0.00761432   0.00569588  -0.00705617   0.00437289   0.01398102   0.01421040
 12937.455   0.01573130   0.00533676   0.01388393  -0.00844375   0.00663229  -0.00717642   0.00409597   0.01372782   0.01388393
 12939.473   0.01556577   0.00569699   0.01355292  -0.00945607   0.00703087  -0.00726158   0.00382672   0.01347280   0.01355292
 12941.491   0.01537893   0.00606242   0.01322077  -0.01038141   0.00677849  -0.00731038   0.00359011   0.01321471   0.01322077
 12943.509   0.01517080   0.00639097   0.01288770  -0.01105142   0.00586906  -0.00733100   0.00340140   0.01295355   0.01288770
 12945.527   0.01494963   0.00665066   0.01255427  -0.01141245   0.00446469  -0.00733558   0.00326159   0.01268933   0.01255427
 12947.545   0.01472878   0.00682123   0.01222085  -0.01144410   0.00280588  -0.00732465   0.00317070   0.01242204   0.01222085
 12949.563   0.01451464   0.00690208   0.01188743  -0.01113784   0.00108704  -0.00728836   0.00312872   0.01215169   0.01188743
 12951.581   0.01430933   0.00690332   0.01155562  -0.01051495  -0.00053807  -0.00718809   0.00313565   0.01187827   0.01155562
 12953.599   0.01411380   0.00683589   0.01122717  -0.00963436  -0.00193969  -0.00696636   0.00319150   0.01160178   0.01122717
 12955.617   0.01393693   0.00670388   0.01090560  -0.00854360  -0.00299077  -0.00660131   0.00319150   0.01133143   0.01090560
 12957.635   0.01378753   0.00652143   0.01060585  -0.00726458  -0.00357779  -0.00610033   0.00319150   0.01108224   0.01060585
 12959.653   0.01366559   0.00631299   0.01033943  -0.00589978  -0.00366649  -0.00547505   0.00319150   0.01086066   0.01033943
 12961.671   0.01357077   0.00612185   0.01010636  -0.00467381  -0.00329111  -0.00476610   0.00319150   0.01066731   0.01010636
 12963.689   0.01350242   0.00597779   0.00990663  -0.00375867  -0.00253117  -0.00403174   0.00319150   0.01050220   0.00990663
 12965.707   0.01345199   0.00588177   0.00974025  -0.00319774  -0.00155654  -0.00330092   0.00319150   0.01036531   0.00974025
 12967.725   0.01340397   0.00583535   0.00960721  -0.00299165  -0.00058336  -0.00258103   0.00319150   0.01025667   0.00960721
 12969.743   0.01335070   0.00583914   0.00950751  -0.00309298   0.00027101  -0.00188371   0.00319150   0.01017625   0.00950751
 12971.761   0.01329144   0.00588241   0.00943955  -0.00337238   0.00095322  -0.00124962   0.00319150   0.01012407   0.00943955
 12973.779   0.01322582   0.00594991   0.00940157  -0.00367703   0.00140380  -0.00073702   0.00319150   0.01010013   0.00940157
 12975.797   0.01315383   0.00603386   0.00939004  -0.00390355   0.00162099  -0.00036775   0.00319150   0.01009521   0.00939004
 12977.815   0.01307545   0.00612010   0.00939004  -0.00401251   0.00166150  -0.00013442   0.00319150   0.01009521   0.00939004
 12979.833   0.01299593   0.00619771   0.00939004  -0.00399669   0.00157559  -0.00002539   0.00319150   0.01009521   0.00939004
 12981.851   0.01292083   0.00626669   0.00939004  -0.00384287   0.00141111  -0.00000000   0.00319150   0.01009521   0.00939004
 12983.869   0.01285080   0.00632704   0.00939004  -0.00355404   0.00122279   0.00000000   0.00319150   0.01009521   0.00939004
 12985.887   0.01278616   0.00637876   0.00939004  -0.00317245   0.00103581   0.00000000   0.00319150   0.01009521   0.00939004
 12987.905   0.01272902   0.00642185   0.00939004  -0.00272937   0.00086094   0.00000000   0.00319150   0.01009521   0.00939004
 12989.923   0.01268193   0.00645631   0.00939004  -0.00222991   0.00071566   0.00000000   0.00319150   0.01009521   0.00939004
 12991.941   0.01264531   0.00648276   0.00939004  -0.00168716   0.00060804   0.00000000   0.00319150   0.01009521   0.00939004
 12993.959   0.01261915   0.00650550   0.00939004  -0.00115443   0.00053808   0.00000000   0.00319150   0.01009521   0.00939004
 12995.977   0.01260345   0.00652825   0.00939004  -0.00070394   0.00050446   0.00000000   0.00319150   0.01009521   0.00939004
 12997.995   0.01259822   0.00655100   0.00939004  -0.00036606   0.00049638   0.00000000   0.00319150   0.01009521   0.00939004
 13000.013   0.01259822   0.00657374   0.00939004  -0.00014080   0.00049638   0.00000000   0.00319150   0.01009521   0.00939004
 13002.031   0.01259822   0.00659649   0.00939004  -0.00002817   0.00049638   0.00000000   0.00319150   0.01009521   0.00939004
 13004.049   0.01259822   0.00661924   0.00939004  -0.00000000   0.00049638   0.00000000   0.00319150   0.01009521   0.00939004
 13006.067   0.01259822   0.00664199   0.00939004   0.00000000   0.00049638   0.00000000   0.00319150   0.01009521   0.00939004
 13008.085   0.01259822   0.00666473   0.00939004   0.00000000   0.00049638   0.00000000   0.00319150   0.01009521   0.00939004
 13010.103   0.01259822   0.00668748   0.00939004   0.00000000   0.00049638   0.00000000   0.00319150   0.01009521   0.00939004
 13012.121   0.01259822   0.00671023   0.00939004   0.00000000   0.00049638   0.00000000   0.00319150   0.01009521   0.00939004
 13014.139   0.01259822   0.00673298   0.00939004   0.00000000   0.00049638   0.00000000   0.00319150   0.01009521   0.00939004
 13016.157   0.01259822   0.00675572   0.00939004   0.00000000   0.00049638   0.00000000   0.00319150   0.01009521   0.00939004
 13018.175   0.01259822   0.00677847   0.00939004   0.00000000   0.00049638   0.00000000   0.00319150   0.01009521   0.00939004
 13020.193   0.01259822   0.00680122   0.00939004   0.00000000   0.00049638   0.00000000   0.00319150   0.01009521   0.00939004
 13022.211   0.01259822   0.00682397   0.00939004   0.00000000   0.00049638   0.00000000   0.00319150   0.01009521   0.00939004
 13024.229   0.01259822   0.00684671   0.00939004   0.00000000   0.00049638   0.00000000   0.00319150   0.01009521   0.00939004
 13026.247   0.01259822   0.00686946   0.00939004   0.00000000   0.00049638   0.00000000   0.00319150   0.01009521   0.00939004
 13028.265   0.01259822   0.00689221   0.00939004   0.00000000   0.00049638   0.00000000   0.00319150   0.01009521   0.00939004
 13030.283   0.01259822   0.00691495   0.00939004   0.00000000   0.00049638   0.00000000   0.00319150   0.01009521   0.00939004
 13032.301   0.01259822   0.00693770   0.00939004   0.00000000   0.00049638   0.00000000   0.00319150   0.01009521   0.00939004
 13034.319   0.01259822   0.00696045   0.00939004   0.00000000   0.00049638   0.00000000   0.00319150   0.01009521   0.00939004
 13036.337   0.01259822   0.00698320   0.00939004   0.00000000   0.00049638   0.00000000   0.00319150   0.01009521   0.00939004
 13038.355   0.01259822   0.00700594   0.00939004   0.00000000   0.00049638   0.00000000   0.00319150   0.01009521   0.00939004
 13040.373   0.01259822   0.00702869   0.00939004   0.00000000   0.00049638   0.00000000   0.00319150   0.01009521   0.00939004
 13042.391   0.01259822   0.00705144   0.00939004   0.00000000   0.00049638   0.00000000   0.00319150   0.01009521   0.00939004
 13044.409   0.01259822   0.00707419   0.00939004   0.00000000   0.00049638   0.00000000   0.00319150   0.01009521   0.00939004
 13046.427   0.01259822   0.00709693   0.00939004   0.00000000   0.00049638   0.00000000   0.00319150   0.01009521   0.00939004
 13048.445   0.01259822   0.00711968   0.00939004   0.00000000   0.00049638   0.00000000   0.00319150   0.01009521   0.00939004
 13050.463   0.01259822   0.00714243   0.00939004   0.00000000   0.00049638   0.00000000   0.00319150   0.01009521   0.00939004
 13052.481   0.01259822   0.00716518   0.00939004   0.00000000   0.00049638   0.00000000   0.00319150   0.01009521   0.00939004
 13054.499   0.01259822   0.00718792   0.00939004   0.00000000   0.00049638   0.00000000   0.00319150   0.01009521   0.00939004
 13056.517   0.01259822   0.00721067   0.00939004   0.00000000   0.00049638   0.00000000   0.00319150   0.01009521   0.00939004
 13058.535   0.01259822   0.00723342   0.00939004   0.00000000   0.00049638   0.00000000   0.00319150   0.01009521   0.00939004
 13060.553   0.01259822   0.00725616   0.00939004   0.00000000   0.00049638   0.00000000   0.00319150   0.01009521   0.00939004
 13062.571   0.01259822   0.00727891   0.00939004   0.00000000   0.00049638   0.00000000   0.00319150   0.01009521   0.00939004
 13064.589   0.01259822   0.00730166   0.00939004   0.00000000   0.00049638   0.00000000   0.00319150   0.01009521   0.00939004
 13066.607   0.01259822   0.00732441   0.00939004   0.00000000   0.00049638   0.00000000   0.00319150   0.01009521   0.00939004
 13068.625   0.01259822   0.00734715   0.00939004   0.00000000   0.00049638   0.00000000   0.00319150   0.01009521   0.00939004
 13070.643   0.01259822   0.00736990   0.00939004   0.00000000   0.00049638   0.00000000   0.00319150   0.01009521   0.00939004
 13072.661   0.01259822   0.00739265   0.00939004   0.00000000   0.00049638   0.00000000   0.00319150   0.01009521   0.00939004
 13074.679   0.01259822   0.00741540   0.00939004   0.00000000   0.00049638   0.00000000   0.00319150   0.01009521   0.00939004
 13076.697   0.01259822   0.00743814   0.00939004   0.00000000   0.00049638   0.00000000   0.00319150   0.01009521   0.00939004
 13078.715   0.01259822   0.00746089   0.00939004   0.00000000   0.00049638   0.00000000   0.00319150   0.01009521   0.00939004
 13080.733   0.01259822   0.00748364   0.00939004   0.00000000   0.00049638   0.00000000   0.00319150   0.01009521   0.00939004
 13082.751   0.01259822   0.00750639   0.00939004   0.00000000   0.00049638   0.00000000   0.00319150   0.01009521   0.00939004
 13084.769   0.01259822   0.00752913   0.00939004   0.00000000   0.00049638   0.00000000   0.00319150   0.01009521   0.00939004
 13086.787   0.01259822   0.00755188   0.00939004   0.00000000   0.00049638   0.00000000   0.00319150   0.01009521   0.00939004
 13088.805   0.01259822   0.00757463   0.00939004   0.00000000   0.00049638   0.00000000   0.00319150   0.01009521   0.00939004
 13090.823   0.01259822   0.00759737   0.00939004   0.00000000   0.00049638   0.00000000   0.00319150   0.01009521   0.00939004
 13092.841   0.01259822   0.00762012   0.00939004   0.00000000   0.00049638   0.00000000   0.00319150   0.01009521   0.00939004
 13094.859   0.01259822   0.00764287   0.00939004   0.00000000   0.00049638   0.00000000   0.00319150   0.01009521   0.00939004
 13096.877   0.01259822   0.00766562   0.00939004   0.00000000   0.00049638   0.00000000   0.00319150   0.01009521   0.00939004
 13098.895   0.01259822   0.00768836   0.00939004   0.00000000   0.00049638   0.00000000   0.00319150   0.01009521   0.00939004
 13100.913   0.01259822   0.00771111   0.00939004   0.00000000   0.00049638   0.00000000   0.00319150   0.01009521   0.00939004
 13102.931   0.01259822   0.00773386   0.00939004   0.00000000   0.00049638   0.00000000   0.00319150   0.01009521   0.00939004
 13104.949   0.01259822   0.00775661   0.00939004   0.00000000   0.00049638   0.00000000   0.00319150   0.01009521   0.00939004
 13106.967   0.01259822   0.00777935   0.00939004   0.00000000   0.00049638   0.00000000   0.00319150   0.01009521   0.00939004
 13108.985   0.01259822   0.00780210   0.00939004   0.00000000   0.00049638   0.00000000   0.00319150   0.01009521   0.00939004
 13111.003   0.01259822   0.00782485   0.00939004   0.00000000   0.00049638   0.00000000   0.00319150   0.01009521   0.00939004
 13113.021   0.01259822   0.00784760   0.00939004   0.00000000   0.00049638   0.00000000   0.00319150   0.01009521   0.00939004
 13115.039   0.01259822   0.00787034   0.00939004   0.00000000   0.00049638   0.00000000   0.00319150   0.01009521   0.00939004
 13117.057   0.01259822   0.00789309   0.00939004   0.00000000   0.00049638   0.00000000   0.00319150   0.01009521   0.00939004
 13119.075   0.01259822   0.00791584   0.00939004   0.00000000   0.00049638   0.00000000   0.00319150   0.01009521   0.00939004
 13121.093   0.01259822   0.00793858   0.00939004   0.00000000   0.00049638   0.00000000   0.00319150   0.01009521   0.00939004
 13123.111   0.01259822   0.00796133   0.00939004   0.00000000   0.00049638   0.00000000   0.00319150   0.01009521   0.00939004
 13125.129   0.01259822   0.00798408   0.00939004   0.00000000   0.00049639   0.00000000   0.00319150   0.01009521   0.00939004
 13127.147   0.01259822   0.00800683   0.00939004   0.00000000   0.00049639   0.00000000   0.00319150   0.01009521   0.00939004
 13129.165   0.01259822   0.00802957   0.00939004   0.00000000   0.00049640   0.00000000   0.00319150   0.01009521   0.00939004
 13131.183   0.01259822   0.00805232   0.00939004   0.00000000   0.00049640   0.00000000   0.00319150   0.01009521   0.00939004
 13133.201   0.01259822   0.00807507   0.00939004   0.00000000   0.00049643   0.00000000   0.00319150   0.01009521   0.00939004
 13135.219   0.01259822   0.00809782   0.00939004   0.00000000   0.00049646   0.00000000   0.00319150   0.01009521   0.00939004
 13137.237   0.01259822   0.00812057   0.00939004   0.00000000   0.00049646   0.00000000   0.00319150   0.01009521   0.00939004
 13139.254   0.01259822   0.00814332   0.00939004   0.00000000   0.00049646   0.00000000   0.00319150   0.01009521   0.00939004
 13141.272   0.01259822   0.00816607   0.00939004   0.00000000   0.00049646   0.00000000   0.00319150   0.01009521   0.00939004
 13143.290   0.01259822   0.00818881   0.00939004   0.00000000   0.00049643   0.00000000   0.00319150   0.01009521   0.00939004
 13145.308   0.01259822   0.00821156   0.00939004   0.00000000   0.00049640   0.00000000   0.00319150   0.01009521   0.00939004
 13147.326   0.01259822   0.00823431   0.00939004   0.00000000   0.00049640   0.00000000   0.00319150   0.01009521   0.00939004
 13149.344   0.01259822   0.00825706   0.00939004   0.00000000   0.00049639   0.00000000   0.00319150   0.01009521   0.00939004
 13151.362   0.01259822   0.00827981   0.00939004   0.00000000   0.00049639   0.00000000   0.00319150   0.01009521   0.00939004
 13153.380   0.01259822   0.00830255   0.00939004   0.00000000   0.00049638   0.00000000   0.00319150   0.01009521   0.00939004
 13155.398   0.01259822   0.00832530   0.00939004   0.00000000   0.00049638   0.00000000   0.00319150   0.01009521   0.00939004
 13157.416   0.01259822   0.00834805   0.00939004   0.00000000   0.00049638   0.00000000   0.00319150   0.01009521   0.00939004
 13159.434   0.01259822   0.00837080   0.00939004   0.00000000   0.00049638   0.00000000   0.00319150   0.01009521   0.00939004
 13161.452   0.01259822   0.00839354   0.00939004   0.00000000   0.00049638   0.00000000   0.00319150   0.01009521   0.00939004
 13163.470   0.01259822   0.00841629   0.00939004   0.00000000   0.00049638   0.00000000   0.00319150   0.01009521   0.00939004
 13165.488   0.01259822   0.00843904   0.00939004   0.00000000   0.00049638   0.00000000   0.00319150   0.01009521   0.00939004
 13167.506   0.01259822   0.00846178   0.00939004   0.00000000   0.00049638   0.00000000   0.00319150   0.01009521   0.00939004
 13169.524   0.01259822   0.00848453   0.00939004   0.00000000   0.00049638   0.00000000   0.00319150   0.01009521   0.00939004
 13171.542   0.01259822   0.00850728   0.00939004   0.00000000   0.00049638   0.00000000   0.00319150   0.01009521   0.00939004
 13173.560   0.01259822   0.00853003   0.00939004   0.00000000   0.00049638   0.00000000   0.00319150   0.01009521   0.00939004
 13175.578   0.01259822   0.00855277   0.00939004   0.00000000   0.00049638   0.00000000   0.00319150   0.01009521   0.00939004
 13177.596   0.01259822   0.00857552   0.00939004   0.00000000   0.00049638   0.00000000   0.00319150   0.01009521   0.00939004
 13179.614   0.01259822   0.00859827   0.00939004   0.00000000   0.00049638   0.00000000   0.00319150   0.01009521   0.00939004
 13181.632   0.01259822   0.00862102   0.00939004   0.00000000   0.00049638   0.00000000   0.00319150   0.01009521   0.00939004
 13183.650   0.01259822   0.00864376   0.00939004   0.00000000   0.00049638   0.00000000   0.00319150   0.01009521   0.00939004
 13185.668   0.01259822   0.00866651   0.00939004   0.00000000   0.00049638   0.00000000   0.00319150   0.01009521   0.00939004
 13187.686   0.01259822   0.00868926   0.00939004   0.00000000   0.00049638   0.00000000   0.00319150   0.01009521   0.00939004
 13189.704   0.01259822   0.00871201   0.00939004   0.00000000   0.00049638   0.00000000   0.00319150   0.01009521   0.00939004
 13191.722   0.01259822   0.00873475   0.00939004   0.00000000   0.00049638   0.00000000   0.00319150   0.01009521   0.00939004
 13193.740   0.01259822   0.00875750   0.00939004   0.00000000   0.00049638   0.00000000   0.00319150   0.01009521   0.00939004
 13195.758   0.01259822   0.00878025   0.00939004   0.00000000   0.00049638   0.00000000   0.00319150   0.01009521   0.00939004
 13197.776   0.01259822   0.00880299   0.00939004   0.00000000   0.00049638   0.00000000   0.00319150   0.01009521   0.00939004
 13199.794   0.01259822   0.00882574   0.00939004   0.00000000   0.00049638   0.00000000   0.00319150   0.01009521   0.00939004
 13201.812   0.01259822   0.00884849   0.00939004   0.00000000   0.00049638   0.00000000   0.00319150   0.01009521   0.00939004
 13203.830   0.01259822   0.00887124   0.00939004   0.00000000   0.00049638   0.00000000   0.00319150   0.01009521   0.00939004
 13205.848   0.01259822   0.00889398   0.00939004   0.00000000   0.00049638   0.00000000   0.00319150   0.01009521   0.00939004
 13207.866   0.01259822   0.00891673   0.00939004   0.00000000   0.00049638   0.00000000   0.00319150   0.01009521   0.00939004
 13209.884   0.01259822   0.00893948   0.00939004   0.00000000   0.00049638   0.00000000   0.00319150   0.01009521   0.00939004
 13211.902   0.01259822   0.00896223   0.00939004   0.00000000   0.00049638   0.00000000   0.00319150   0.01009521   0.00939004
 13213.920   0.01259822   0.00898497   0.00939004   0.00000000   0.00049638   0.00000000   0.00319150   0.01009521   0.00939004
 13215.938   0.01259822   0.00900772   0.00939004   0.00000000   0.00049638   0.00000000   0.00319150   0.01009521   0.00939004
 13217.956   0.01259822   0.00903047   0.00939004   0.00000000   0.00049638   0.00000000   0.00319150   0.01009521   0.00939004
 13219.974   0.01259822   0.00905321   0.00939004   0.00000000   0.00049638   0.00000000   0.00319150   0.01009521   0.00939004
 13221.992   0.01259822   0.00907596   0.00939004   0.00000000   0.00049638   0.00000000   0.00319150   0.01009521   0.00939004
 13224.010   0.01259822   0.00909871   0.00939004   0.00000000   0.00049638   0.00000000   0.00319150   0.01009521   0.00939004
 13226.028   0.01259822   0.00912146   0.00939004   0.00000000   0.00049638   0.00000000   0.00319150   0.01009521   0.00939004
 13228.046   0.01259822   0.00914420   0.00939004   0.00000000   0.00049638   0.00000000   0.00319150   0.01009521   0.00939004
 13230.064   0.01259822   0.00916695   0.00939004   0.00000000   0.00049638   0.00000000   0.00319150   0.01009521   0.00939004
 13232.082   0.01259822   0.00918970   0.00939004   0.00000000   0.00049638   0.00000000   0.00319150   0.01009521   0.00939004
 13234.100   0.01259822   0.00921245   0.00939004   0.00000000   0.00049638   0.00000000   0.00319150   0.01009521   0.00939004
 13236.118   0.01259822   0.00923519   0.00939004   0.00000000   0.00049638   0.00000000   0.00319150   0.01009521   0.00939004
 13238.136   0.01259822   0.00925794   0.00939004   0.00000000   0.00049638   0.00000000   0.00319150   0.01009521   0.00939004
 13240.154   0.01259822   0.00928069   0.00939004   0.00000000   0.00049638   0.00000000   0.00319150   0.01009521   0.00939004
 13242.172   0.01259822   0.00930344   0.00939004   0.00000000   0.00049638   0.00000000   0.00319150   0.01009521   0.00939004
 13244.190   0.01259822   0.00932618   0.00939004   0.00000000   0.00049638   0.00000000   0.00319150   0.01009521   0.00939004
 13246.208   0.01259822   0.00934893   0.00939004   0.00000000   0.00049638   0.00000000   0.00319150   0.01009521   0.00939004
 13248.226   0.01259822   0.00937168   0.00939004   0.00000000   0.00049638   0.00000000   0.00319150   0.01009521   0.00939004
 13250.244   0.01259822   0.00939442   0.00939004   0.00000000   0.00049638   0.00000000   0.00319150   0.01009521   0.00939004
 13252.262   0.01259822   0.00941717   0.00939004   0.00000000   0.00049638   0.00000000   0.00319150   0.01009521   0.00939004
 13254.280   0.01259822   0.00943992   0.00939004   0.00000000   0.00049638   0.00000000   0.00319150   0.01009521   0.00939004
 13256.298   0.01259822   0.00946267   0.00939004   0.00000000   0.00049638   0.00000000   0.00319150   0.01009521   0.00939004
 13258.316   0.01259822   0.00948541   0.00939004   0.00000000   0.00049638   0.00000000   0.00319150   0.01009521   0.00939004
 13260.334   0.01259822   0.00950816   0.00939004   0.00000000   0.00049638   0.00000000   0.00319150   0.01009521   0.00939004
 13262.352   0.01259822   0.00953091   0.00939004   0.00000000   0.00049638   0.00000000   0.00319150   0.01009521   0.00939004
 13264.370   0.01259822   0.00955366   0.00939004   0.00000000   0.00049638   0.00000000   0.00319150   0.01009521   0.00939004
 13266.388   0.01259822   0.00957640   0.00939004   0.00000000   0.00049638   0.00000000   0.00319150   0.01009521   0.00939004
 13268.406   0.01259822   0.00959915   0.00939004   0.00000000   0.00049638   0.00000000   0.00319150   0.01009521   0.00939004
 13270.424   0.01259822   0.00962190   0.00939004   0.00000000   0.00049638   0.00000000   0.00319150   0.01009521   0.00939004
 13272.442   0.01259822   0.00964465   0.00939004   0.00000000   0.00049638   0.00000000   0.00319150   0.01009521   0.00939004
 13274.460   0.01259822   0.00966739   0.00939004   0.00000000   0.00049638   0.00000000   0.00319150   0.01009521   0.00939004
 13276.478   0.01259822   0.00969014   0.00939004   0.00000000   0.00049638   0.00000000   0.00319150   0.01009521   0.00939004
 13278.496   0.01259822   0.00971289   0.00939004   0.00000000   0.00049638   0.00000000   0.00319150   0.01009521   0.00939004
 13280.514   0.01259822   0.00973563   0.00939004   0.00000000   0.00049638   0.00000000   0.00319150   0.01009521   0.00939004
 13282.532   0.01259822   0.00975838   0.00939004   0.00000000   0.00049638   0.00000000   0.00319150   0.01009521   0.00939004
 13284.550   0.01259822   0.00978113   0.00939004   0.00000000   0.00049638   0.00000000   0.00319150   0.01009521   0.00939004
 13286.568   0.01259822   0.00980388   0.00939004   0.00000000   0.00049638   0.00000000   0.00319150   0.01009521   0.00939004
 13288.586   0.01259822   0.00982662   0.00939004   0.00000000   0.00049638   0.00000000   0.00319150   0.01009521   0.00939004
 13290.604   0.01259822   0.00984937   0.00939004   0.00000000   0.00049638   0.00000000   0.00319150   0.01009521   0.00939004
 13292.622   0.01259822   0.00987212   0.00939004   0.00000000   0.00049638   0.00000000   0.00319150   0.01009521   0.00939004
 13294.640   0.01259822   0.00989487   0.00939004   0.00000000   0.00049638   0.00000000   0.00319150   0.01009521   0.00939004
 13296.658   0.01259822   0.00991761   0.00939004   0.00000000   0.00049638   0.00000000   0.00319150   0.01009521   0.00939004
 13298.676   0.01259822   0.00994036   0.00939004   0.00000000   0.00049638   0.00000000   0.00319150   0.01009521   0.00939004
 13300.694   0.01259822   0.00996311   0.00939004   0.00000000   0.00049638   0.00000000   0.00319150   0.01009521   0.00939004
 13302.712   0.01259822   0.00998586   0.00939004   0.00000000   0.00049638   0.00000000   0.00319150   0.01009521   0.00939004
 13304.730   0.01259822   0.01000860   0.00939004   0.00000000   0.00049638   0.00000000   0.00319150   0.01009521   0.00939004
 13306.748   0.01259822   0.01003135   0.00939004   0.00000000   0.00049638   0.00000000   0.00319150   0.01009521   0.00939004
 13308.766   0.01259822   0.01005410   0.00939004   0.00000000   0.00049638   0.00000000   0.00319150   0.01009521   0.00939004
 13310.784   0.01259822   0.01007684   0.00939004   0.00000000   0.00049638   0.00000000   0.00319150   0.01009521   0.00939004
 13312.802   0.01259822   0.01009959   0.00939004   0.00000000   0.00049638   0.00000000   0.00319150   0.01009521   0.00939004
 13314.820   0.01259822   0.01012234   0.00939004   0.00000000   0.00049638   0.00000000   0.00319150   0.01009521   0.00939004
 13316.838   0.01259822   0.01014509   0.00939004   0.00000000   0.00049638   0.00000000   0.00319150   0.01009521   0.00939004
 13318.856   0.01259822   0.01016783   0.00939004   0.00000000   0.00049638   0.00000000   0.00319150   0.01009521   0.00939004
 13320.874   0.01259822   0.01019058   0.00939004   0.00000000   0.00049638   0.00000000   0.00319150   0.01009521   0.00939004
 13322.892   0.01259822   0.01021333   0.00939004   0.00000000   0.00049638   0.00000000   0.00319150   0.01009521   0.00939004
 13324.910   0.01259822   0.01023608   0.00939004   0.00000000   0.00049638   0.00000000   0.00319150   0.01009521   0.00939004
 13326.928   0.01259822   0.01025882   0.00939004   0.00000000   0.00049638   0.00000000   0.00319150   0.01009521   0.00939004
 13328.946   0.01259822   0.01028157   0.00939004   0.00000000   0.00049638   0.00000000   0.00319150   0.01009521   0.00939004
 13330.964   0.01259822   0.01030432   0.00939004   0.00000000   0.00049638   0.00000000   0.00319150   0.01009521   0.00939004
 13332.982   0.01259822   0.01032707   0.00939004   0.00000000   0.00049638   0.00000000   0.00319150   0.01009521   0.00939004
 13335.000   0.01259822   0.01034981   0.00939004   0.00000000   0.00049638   0.00000000   0.00319150   0.01009521   0.00939004
