11800 0.015820189
11800.407 0.015847477
11800.814 0.015874764
11801.221 0.015902052
11801.628 0.015929339
11802.035 0.015956627
11802.442 0.015983914
11802.848 0.016011202
11803.255 0.016038489
11803.662 0.016065776
11804.069 0.016093064
11804.476 0.016120351
11804.883 0.016147639
11805.29 0.016174926
11805.697 0.016202214
11806.104 0.016229501
11806.511 0.016256789
11806.918 0.016284076
11807.325 0.016311364
11807.731 0.016338651
11808.138 0.016365939
11808.545 0.016393226
11808.952 0.016420514
11809.359 0.016447801
11809.766 0.016475089
11810.173 0.016502376
11810.58 0.016529664
11810.987 0.016556951
11811.394 0.016584238
11811.801 0.016611526
11812.208 0.016638813
11812.614 0.016666101
11813.021 0.016693388
11813.428 0.016720676
11813.835 0.016747963
11814.242 0.016775251
11814.649 0.016802538
11815.056 0.016829826
11815.463 0.016857113
11815.87 0.016884401
11816.277 0.016911688
11816.684 0.016938976
11817.091 0.016966263
11817.497 0.016993551
11817.904 0.017020838
11818.311 0.017048126
11818.718 0.017075413
11819.125 0.0171027
11819.532 0.017129988
11819.939 0.017157275
11820.346 0.017184563
11820.753 0.01721185
11821.16 0.017239138
11821.567 0.017266425
11821.974 0.017293713
11822.38 0.017321
11822.787 0.017348288
11823.194 0.017375575
11823.601 0.017402863
11824.008 0.01743015
11824.415 0.017457438
11824.822 0.017484725
11825.229 0.017512013
11825.636 0.0175393
11826.043 0.017566588
11826.45 0.017593875
11826.857 0.017621162
11827.263 0.01764845
11827.67 0.017675737
11828.077 0.017703025
11828.484 0.017730312
11828.891 0.0177576
11829.298 0.017784887
11829.705 0.017812175
11830.112 0.017839462
11830.519 0.01786675
11830.926 0.017894037
11831.333 0.017921325
11831.74 0.017948612
11832.146 0.0179759
11832.553 0.018003187
11832.96 0.018030475
11833.367 0.018057762
11833.774 0.01808505
11834.181 0.018112337
11834.588 0.018139625
11834.995 0.018166912
11835.402 0.018194199
11835.809 0.018221487
11836.216 0.018248774
11836.623 0.018276062
11837.03 0.018303349
11837.436 0.018330637
11837.843 0.018357924
11838.25 0.018385212
11838.657 0.018412499
11839.064 0.018439787
11839.471 0.018467074
11839.878 0.018494362
11840.285 0.018521649
11840.692 0.018548937
11841.099 0.018576224
11841.506 0.018603512
11841.913 0.018630799
11842.319 0.018658087
11842.726 0.018685374
11843.133 0.018712661
11843.54 0.018739949
11843.947 0.018767236
11844.354 0.018794524
11844.761 0.018821811
11845.168 0.018849099
11845.575 0.018876386
11845.982 0.018903674
11846.389 0.018930961
11846.796 0.018958249
11847.202 0.018985536
11847.609 0.019012824
11848.016 0.019040111
11848.423 0.019067399
11848.83 0.019094686
11849.237 0.019121974
11849.644 0.019149261
11850.051 0.019176549
11850.458 0.019203836
11850.865 0.019231123
11851.272 0.019258411
11851.679 0.019285698
11852.085 0.019312986
11852.492 0.019340273
11852.899 0.019367561
11853.306 0.019394848
11853.713 0.019422136
11854.12 0.019449423
11854.527 0.019476711
11854.934 0.019503998
11855.341 0.019531286
11855.748 0.019558573
11856.155 0.019585861
11856.562 0.019613148
11856.968 0.019640436
11857.375 0.019667723
11857.782 0.019695011
11858.189 0.019722298
11858.596 0.019749585
11859.003 0.019776873
11859.41 0.01980416
11859.817 0.019831448
11860.224 0.019858735
11860.631 0.019886023
11861.038 0.01991331
11861.445 0.019940598
11861.851 0.019967885
11862.258 0.019995173
11862.665 0.02002246
11863.072 0.020049748
11863.479 0.020077035
11863.886 0.020104323
11864.293 0.02013161
11864.7 0.020158898
11865.107 0.020186185
11865.514 0.020213473
11865.921 0.02024076
11866.328 0.020268048
11866.734 0.020295335
11867.141 0.020322622
11867.548 0.02034991
11867.955 0.020377197
11868.362 0.020404485
11868.769 0.020431772
11869.176 0.02045906
11869.583 0.020486347
11869.99 0.020513635
11870.397 0.020540922
11870.804 0.02056821
11871.211 0.020595497
11871.617 0.020622785
11872.024 0.020650072
11872.431 0.02067736
11872.838 0.020704647
11873.245 0.020731935
11873.652 0.020759222
11874.059 0.02078651
11874.466 0.020813797
11874.873 0.020841084
11875.28 0.020868372
11875.687 0.020895659
11876.094 0.020922947
11876.501 0.020950234
11876.907 0.020977522
11877.314 0.021004809
11877.721 0.021032097
11878.128 0.021059384
11878.535 0.021086672
11878.942 0.021113959
11879.349 0.021141247
11879.756 0.021168534
11880.163 0.021195822
11880.57 0.021223109
11880.977 0.021250397
11881.384 0.021277684
11881.79 0.021304972
11882.197 0.021332259
11882.604 0.021359546
11883.011 0.021386834
11883.418 0.021414121
11883.825 0.021441409
11884.232 0.021468696
11884.639 0.021495984
11885.046 0.021523271
11885.453 0.021550559
11885.86 0.021577846
11886.267 0.021605134
11886.673 0.021632421
11887.08 0.021659709
11887.487 0.021686996
11887.894 0.021714284
11888.301 0.021741571
11888.708 0.021768859
11889.115 0.021796146
11889.522 0.021823434
11889.929 0.021850721
11890.336 0.021878008
11890.743 0.021905296
11891.15 0.021932583
11891.556 0.021959871
11891.963 0.021987158
11892.37 0.022014446
11892.777 0.022041733
11893.184 0.022069021
11893.591 0.022096308
11893.998 0.022123596
11894.405 0.022150883
11894.812 0.022178171
11895.219 0.022205458
11895.626 0.022232746
11896.033 0.022260033
11896.439 0.022287321
11896.846 0.022314608
11897.253 0.022341896
11897.66 0.022369183
11898.067 0.02239647
11898.474 0.022423758
11898.881 0.022451045
11899.288 0.022478333
11899.695 0.02250562
11900.102 0.022532908
11900.509 0.022560195
11900.916 0.022587483
11901.322 0.02261477
11901.729 0.022642058
11902.136 0.022669345
11902.543 0.022696633
11902.95 0.02272392
11903.357 0.022751208
11903.764 0.022778495
11904.171 0.022805783
11904.578 0.022833086
11904.985 0.022860424
11905.392 0.022887711
11905.799 0.022914999
11906.205 0.022942286
11906.612 0.022969574
11907.019 0.022996861
11907.426 0.023024148
11907.833 0.023051436
11908.24 0.023078723
11908.647 0.023106011
11909.054 0.023133298
11909.461 0.023160586
11909.868 0.023187873
11910.275 0.023215161
11910.682 0.023242448
11911.089 0.023269735
11911.495 0.023297022
11911.902 0.023324309
11912.309 0.023351596
11912.716 0.023378883
11913.123 0.02340617
11913.53 0.023433473
11913.937 0.02346081
11914.344 0.023488097
11914.751 0.023515384
11915.158 0.023542671
11915.565 0.023569958
11915.972 0.023597244
11916.378 0.023624531
11916.785 0.023651818
11917.192 0.023679105
11917.599 0.023706391
11918.006 0.023733679
11918.413 0.023760965
11918.82 0.023788252
11919.227 0.023815539
11919.634 0.023842826
11920.041 0.023870112
11920.448 0.023897399
11920.855 0.023924686
11921.261 0.023951973
11921.668 0.02397926
11922.075 0.024006547
11922.482 0.02403385
11922.889 0.024061188
11923.296 0.024088475
11923.703 0.024115763
11924.11 0.02414305
11924.517 0.024170338
11924.924 0.024197625
11925.331 0.024224912
11925.738 0.024252199
11926.144 0.024279486
11926.551 0.024306774
11926.958 0.024334061
11927.365 0.024361349
11927.772 0.024388636
11928.179 0.024415924
11928.586 0.02444321
11928.993 0.024470498
11929.4 0.024497785
11929.807 0.024525073
11930.214 0.02455236
11930.621 0.024579647
11931.027 0.024606934
11931.434 0.024634222
11931.841 0.024661525
11932.248 0.024688864
11932.655 0.024716151
11933.062 0.024743406
11933.469 0.024770241
11933.876 0.024796083
11934.283 0.024821926
11934.69 0.024847768
11935.097 0.02487361
11935.504 0.024899452
11935.91 0.024925295
11936.317 0.024951137
11936.724 0.02497698
11937.131 0.025002822
11937.538 0.025028664
11937.945 0.025054506
11938.352 0.025080348
11938.759 0.02510619
11939.166 0.025132032
11939.573 0.025157875
11939.98 0.025183717
11940.387 0.025209559
11940.793 0.025235417
11941.2 0.025261307
11941.607 0.025287149
11942.014 0.025312992
11942.421 0.025338834
11942.828 0.025364677
11943.235 0.025390519
11943.642 0.025416361
11944.049 0.025442203
11944.456 0.025443531
11944.863 0.025360771
11945.27 0.025257266
11945.677 0.025153762
11946.083 0.025050258
11946.49 0.024946753
11946.897 0.024843249
11947.304 0.024739744
11947.711 0.024636239
11948.118 0.024532735
11948.525 0.02442923
11948.932 0.024325726
11949.339 0.024222221
11949.746 0.024118656
11950.153 0.024014958
11950.56 0.023911454
11950.966 0.023807949
11951.373 0.023704445
11951.78 0.02360094
11952.187 0.023497436
11952.594 0.023393931
11953.001 0.023290427
11953.408 0.023186922
11953.815 0.023083417
11954.222 0.022979913
11954.629 0.022876408
11955.036 0.022772904
11955.443 0.022652667
11955.849 0.022460782
11956.256 0.022211461
11956.663 0.02196214
11957.07 0.021712819
11957.477 0.021463498
11957.884 0.021214177
11958.291 0.020964856
11958.698 0.020715535
11959.105 0.020466069
11959.512 0.02021628
11959.919 0.019966959
11960.326 0.019717638
11960.732 0.019468317
11961.139 0.019218996
11961.546 0.018969675
11961.953 0.018720354
11962.36 0.018471033
11962.767 0.018221712
11963.174 0.01797239
11963.581 0.017723069
11963.988 0.017473748
11964.395 0.017224427
11964.802 0.016975106
11965.209 0.016725785
11965.615 0.016476464
11966.022 0.016227143
11966.429 0.015986959
11966.836 0.01581796
11967.243 0.015784189
11967.65 0.015750417
11968.057 0.015716627
11968.464 0.015682792
11968.871 0.015649022
11969.278 0.015615251
11969.685 0.01558148
11970.092 0.015547709
11970.498 0.015513937
11970.905 0.015480166
11971.312 0.015446395
11971.719 0.015412624
11972.126 0.015378853
11972.533 0.015345082
11972.94 0.01531131
11973.347 0.015277539
11973.754 0.015243768
11974.161 0.015209997
11974.568 0.015176226
11974.975 0.015142455
11975.381 0.015108683
11975.788 0.015074912
11976.195 0.015041142
11976.602 0.015007371
11977.009 0.014973581
11977.416 0.014939746
11977.823 0.014943867
11978.23 0.015077669
11978.637 0.015228727
11979.044 0.015379784
11979.451 0.015530842
11979.858 0.0156819
11980.264 0.015832957
11980.671 0.015984015
11981.078 0.016135072
11981.485 0.01628613
11981.892 0.016437187
11982.299 0.016588245
11982.706 0.016739303
11983.113 0.01689036
11983.52 0.017041418
11983.927 0.017192475
11984.334 0.017343532
11984.741 0.01749459
11985.148 0.017645647
11985.554 0.017796706
11985.961 0.017947763
11986.368 0.018098906
11986.775 0.018250249
11987.182 0.018401307
11987.589 0.018552364
11987.996 0.018703422
11988.403 0.01885448
11988.81 0.019006948
11989.217 0.019165171
11989.624 0.01932687
11990.031 0.01948857
11990.437 0.01965027
11990.844 0.01981197
11991.251 0.01997367
11991.658 0.02013537
11992.065 0.02029707
11992.472 0.02045877
11992.879 0.02062047
11993.286 0.020782169
11993.693 0.02094387
11994.1 0.02110557
11994.507 0.021267269
11994.914 0.021428969
11995.32 0.02159076
11995.727 0.021752766
11996.134 0.021914467
11996.541 0.022076167
11996.948 0.022237867
11997.355 0.022399566
11997.762 0.022561267
11998.169 0.022722967
11998.576 0.022884666
11998.983 0.023046366
11999.39 0.023208066
11999.797 0.023372439
12000.203 0.023553016
12000.61 0.023757815
12001.017 0.023962614
12001.424 0.024167413
12001.831 0.024372212
12002.238 0.024577012
12002.645 0.024781811
12003.052 0.02498661
12003.459 0.025191409
12003.866 0.025396209
12004.273 0.025601121
12004.68 0.02580631
12005.086 0.026011109
12005.493 0.026215908
12005.9 0.026420708
12006.307 0.026625507
12006.714 0.026830306
12007.121 0.027035105
12007.528 0.027239905
12007.935 0.027444703
12008.342 0.027649503
12008.749 0.027854302
12009.156 0.028059101
12009.563 0.0282639
12009.969 0.0284687
12010.376 0.028673499
12010.783 0.028878298
12011.19 0.029107829
12011.597 0.0294237
12012.004 0.029742222
12012.411 0.030060743
12012.818 0.030379265
12013.225 0.030697787
12013.632 0.031016484
12014.039 0.031335613
12014.446 0.031654135
12014.852 0.031972656
12015.259 0.032291178
12015.666 0.032609699
12016.073 0.032928222
12016.48 0.033246743
12016.887 0.033565265
12017.294 0.033883786
12017.701 0.034202308
12018.108 0.034520829
12018.515 0.034839351
12018.922 0.035157872
12019.329 0.035476395
12019.736 0.035794916
12020.142 0.036113438
12020.549 0.036431959
12020.956 0.036750481
12021.363 0.037069002
12021.77 0.037387524
12022.177 0.037755521
12022.584 0.038322722
12022.991 0.038977724
12023.398 0.039631476
12023.805 0.040285227
12024.212 0.040938978
12024.619 0.04159273
12025.025 0.042246481
12025.432 0.042900232
12025.839 0.043553983
12026.246 0.044207735
12026.653 0.044861486
12027.06 0.045515237
12027.467 0.046168989
12027.874 0.04682274
12028.281 0.047476491
12028.688 0.048130243
12029.095 0.048783994
12029.502 0.049437745
12029.908 0.050091497
12030.315 0.050745248
12030.722 0.051399
12031.129 0.05205275
12031.536 0.052706855
12031.943 0.05336186
12032.35 0.054015611
12032.757 0.054669362
12033.164 0.055393558
12033.571 0.056489305
12033.978 0.058019066
12034.385 0.059548827
12034.791 0.061078587
12035.198 0.062608347
12035.605 0.064138107
12036.012 0.065667868
12036.419 0.067197628
12036.826 0.068727389
12037.233 0.070257149
12037.64 0.071786909
12038.047 0.07331667
12038.454 0.07484643
12038.861 0.07637619
12039.268 0.077905951
12039.674 0.079435712
12040.081 0.080965472
12040.488 0.082495232
12040.895 0.084025809
12041.302 0.085558512
12041.709 0.087088272
12042.116 0.088618033
12042.523 0.090147793
12042.93 0.091677554
12043.337 0.093207314
12043.744 0.094737074
12044.151 0.096276522
12044.557 0.097997986
12044.964 0.10024921
12045.371 0.10250044
12045.778 0.10475165
12046.185 0.10700288
12046.592 0.1092541
12046.999 0.11150532
12047.406 0.11375655
12047.813 0.11600777
12048.22 0.118259
12048.627 0.12051022
12049.034 0.12276144
12049.44 0.12501266
12049.847 0.12726507
12050.254 0.12952064
12050.661 0.13177186
12051.068 0.13402309
12051.475 0.13627431
12051.882 0.13852554
12052.289 0.14077676
12052.696 0.14302798
12053.103 0.14527921
12053.51 0.14753042
12053.917 0.14978165
12054.323 0.15203287
12054.73 0.15428409
12055.137 0.15653532
12055.544 0.15904299
12055.951 0.16257269
12056.358 0.16640492
12056.765 0.17023715
12057.172 0.17406937
12057.579 0.17790159
12057.986 0.18173382
12058.393 0.18556604
12058.8 0.18940029
12059.207 0.19323992
12059.613 0.19707214
12060.02 0.20090437
12060.427 0.20473659
12060.834 0.20856882
12061.241 0.21240105
12061.648 0.21623327
12062.055 0.2200655
12062.462 0.22389772
12062.869 0.22772995
12063.276 0.23156218
12063.683 0.2353944
12064.09 0.23922663
12064.496 0.24305885
12064.903 0.24689108
12065.31 0.25072331
12065.717 0.25455553
12066.124 0.25838776
12066.531 0.26242588
12066.938 0.26747969
12067.345 0.2734584
12067.752 0.27943711
12068.159 0.28541893
12068.566 0.29140924
12068.973 0.29738795
12069.379 0.30336667
12069.786 0.30934539
12070.193 0.3153241
12070.6 0.32130282
12071.007 0.32728153
12071.414 0.33326025
12071.821 0.33923897
12072.228 0.34521768
12072.635 0.3511964
12073.042 0.35717512
12073.449 0.36315383
12073.856 0.36913255
12074.262 0.37511126
12074.669 0.38108997
12075.076 0.38706869
12075.483 0.39304741
12075.89 0.39902612
12076.297 0.40500484
12076.704 0.41098355
12077.111 0.41696534
12077.518 0.42301326
12077.925 0.42958856
12078.332 0.43737608
12078.739 0.44516361
12079.145 0.45295113
12079.552 0.46073864
12079.959 0.46852617
12080.366 0.47631369
12080.773 0.48410121
12081.18 0.49188873
12081.587 0.49967625
12081.994 0.50746377
12082.401 0.51525129
12082.808 0.52303882
12083.215 0.53082634
12083.622 0.53861385
12084.028 0.54640138
12084.435 0.5541889
12084.842 0.56197642
12085.249 0.56976394
12085.656 0.57755146
12086.063 0.58534294
12086.47 0.59314564
12086.877 0.60093316
12087.284 0.60872069
12087.691 0.6165082
12088.098 0.62429572
12088.505 0.63208325
12088.911 0.63971174
12089.318 0.64670494
12089.725 0.65358954
12090.132 0.66047413
12090.539 0.66735872
12090.946 0.67424332
12091.353 0.6811279
12091.76 0.6880125
12092.167 0.69489709
12092.574 0.70178168
12092.981 0.70866628
12093.388 0.71555086
12093.795 0.72243546
12094.201 0.72932005
12094.608 0.73620464
12095.015 0.74308924
12095.422 0.74997729
12095.829 0.75687534
12096.236 0.76375992
12096.643 0.77064452
12097.05 0.77752911
12097.457 0.7844137
12097.864 0.7912983
12098.271 0.79818288
12098.678 0.80506748
12099.084 0.81195206
12099.491 0.81883666
12099.898 0.82536441
12100.305 0.83020815
12100.712 0.83389582
12101.119 0.83758348
12101.526 0.84127115
12101.933 0.84495882
12102.34 0.84864649
12102.747 0.85233416
12103.154 0.85602182
12103.561 0.85970949
12103.967 0.86339716
12104.374 0.86708666
12104.781 0.87078156
12105.188 0.87446922
12105.595 0.87815688
12106.002 0.88184456
12106.409 0.88553222
12106.816 0.88921988
12107.223 0.89290756
12107.63 0.89659522
12108.037 0.90028289
12108.444 0.90397055
12108.85 0.90765822
12109.257 0.91134589
12109.664 0.91503356
12110.071 0.91872123
12110.478 0.92240889
12110.885 0.92595266
12111.292 0.92847809
12111.699 0.92922514
12112.106 0.92997219
12112.513 0.93071924
12112.92 0.93146629
12113.327 0.93221371
12113.733 0.93296222
12114.14 0.93370928
12114.547 0.93445633
12114.954 0.93520338
12115.361 0.93595043
12115.768 0.93669748
12116.175 0.93744453
12116.582 0.93819158
12116.989 0.93893863
12117.396 0.93968568
12117.803 0.94043273
12118.21 0.94117978
12118.616 0.94192684
12119.023 0.94267389
12119.43 0.94342093
12119.837 0.94416798
12120.244 0.94491503
12120.651 0.94566209
12121.058 0.94640914
12121.465 0.94715619
12121.872 0.94790324
12122.279 0.94789861
12122.686 0.94480769
12123.093 0.94151781
12123.499 0.9382344
12123.906 0.93495099
12124.313 0.93166758
12124.72 0.92838416
12125.127 0.92510076
12125.534 0.92181734
12125.941 0.91853393
12126.348 0.91525052
12126.755 0.91196711
12127.162 0.9086837
12127.569 0.90540029
12127.976 0.90211687
12128.383 0.89883347
12128.789 0.89555005
12129.196 0.89226664
12129.603 0.88898323
12130.01 0.88569982
12130.417 0.8824164
12130.824 0.87913299
12131.231 0.87584958
12131.638 0.87256459
12132.045 0.86927469
12132.452 0.86599128
12132.859 0.86270787
12133.266 0.85906844
12133.672 0.85378322
12134.079 0.84767598
12134.486 0.84156874
12134.893 0.83546149
12135.3 0.82935425
12135.707 0.82324701
12136.114 0.81713976
12136.521 0.81103252
12136.928 0.80492528
12137.335 0.79881803
12137.742 0.79271079
12138.149 0.78660355
12138.555 0.7804963
12138.962 0.77438906
12139.369 0.76828181
12139.776 0.76217456
12140.183 0.75606732
12140.59 0.74995715
12140.997 0.74383782
12141.404 0.73773058
12141.811 0.73162334
12142.218 0.72551609
12142.625 0.71940885
12143.032 0.71330161
12143.438 0.70719436
12143.845 0.70108712
12144.252 0.69498085
12144.659 0.68888053
12145.066 0.68278819
12145.473 0.67669586
12145.88 0.67060353
12146.287 0.6645112
12146.694 0.65841887
12147.101 0.65232654
12147.508 0.6462342
12147.915 0.64014188
12148.321 0.63404954
12148.728 0.62795721
12149.135 0.62186488
12149.542 0.61577255
12149.949 0.60967734
12150.356 0.60357292
12150.763 0.59748058
12151.17 0.59138825
12151.577 0.58529592
12151.984 0.57920359
12152.391 0.57311126
12152.798 0.56701893
12153.204 0.56092659
12153.611 0.55483427
12154.018 0.54874193
12154.425 0.5426496
12154.832 0.53655727
12155.239 0.53047421
12155.646 0.52473797
12156.053 0.52029993
12156.46 0.51586189
12156.867 0.51142386
12157.274 0.50698582
12157.681 0.50254779
12158.087 0.49810975
12158.494 0.49367171
12158.901 0.4892316
12159.308 0.48478474
12159.715 0.4803467
12160.122 0.47590866
12160.529 0.47147062
12160.936 0.46703259
12161.343 0.46259455
12161.75 0.45815652
12162.157 0.45371848
12162.564 0.44928045
12162.97 0.44484241
12163.377 0.44040437
12163.784 0.43596633
12164.191 0.4315283
12164.598 0.42709026
12165.005 0.42265223
12165.412 0.41821419
12165.819 0.41377615
12166.226 0.40933811
12166.633 0.40512184
12167.04 0.4019429
12167.447 0.39912324
12167.854 0.39630226
12168.26 0.39347698
12168.667 0.39065731
12169.074 0.38783765
12169.481 0.38501799
12169.888 0.38219832
12170.295 0.37937866
12170.702 0.376559
12171.109 0.37373933
12171.516 0.37091967
12171.923 0.36810001
12172.33 0.36528034
12172.737 0.36246068
12173.143 0.35964101
12173.55 0.35682135
12173.957 0.35400169
12174.364 0.35118203
12174.771 0.34836236
12175.178 0.3455427
12175.585 0.34272303
12175.992 0.33990337
12176.399 0.33708371
12176.806 0.33426404
12177.213 0.33144309
12177.62 0.32877052
12178.026 0.32697044
12178.433 0.3260674
12178.84 0.32516437
12179.247 0.32426133
12179.654 0.32335829
12180.061 0.32245525
12180.468 0.32155221
12180.875 0.32064917
12181.282 0.31974613
12181.689 0.3188431
12182.096 0.31794006
12182.503 0.31703702
12182.909 0.31613399
12183.316 0.31523095
12183.723 0.31432791
12184.13 0.31342487
12184.537 0.31252183
12184.944 0.31161879
12185.351 0.31071575
12185.758 0.30981272
12186.165 0.30890927
12186.572 0.30800442
12186.979 0.30710139
12187.386 0.30619835
12187.792 0.30529531
12188.199 0.30439227
12188.606 0.30355965
12189.013 0.30354839
12189.42 0.30579154
12189.827 0.30803469
12190.234 0.31027785
12190.641 0.312521
12191.048 0.31476415
12191.455 0.3170073
12191.862 0.31925045
12192.269 0.32149361
12192.675 0.32373676
12193.082 0.32597991
12193.489 0.32822306
12193.896 0.33046622
12194.303 0.33270937
12194.71 0.33495252
12195.117 0.33719568
12195.524 0.33943983
12195.931 0.34168749
12196.338 0.34393064
12196.745 0.34617379
12197.152 0.34841695
12197.558 0.35066009
12197.965 0.35290325
12198.372 0.3551464
12198.779 0.35738955
12199.186 0.35963271
12199.593 0.36187586
12200 0.36478192
12200.407 0.37081747
12200.814 0.37751593
12201.221 0.38421439
12201.628 0.39091285
12202.035 0.39761132
12202.442 0.40430978
12202.848 0.41100823
12203.255 0.4177067
12203.662 0.42440516
12204.069 0.43110362
12204.476 0.43780504
12204.883 0.444517
12205.29 0.45121547
12205.697 0.45791393
12206.104 0.46461238
12206.511 0.47131085
12206.918 0.47800931
12207.325 0.48470777
12207.731 0.49140623
12208.138 0.49810469
12208.545 0.50480316
12208.952 0.51150162
12209.359 0.51820007
12209.766 0.52489854
12210.173 0.531597
12210.58 0.53829546
12210.987 0.54562191
12211.394 0.5564215
12211.801 0.56993259
12212.208 0.58344366
12212.614 0.59695474
12213.021 0.61046582
12213.428 0.62398281
12213.835 0.63752118
12214.242 0.65103226
12214.649 0.66454334
12215.056 0.67805441
12215.463 0.69156549
12215.87 0.70507657
12216.277 0.71858765
12216.684 0.73209873
12217.091 0.7456098
12217.497 0.75912089
12217.904 0.77263196
12218.311 0.78614304
12218.718 0.79965412
12219.125 0.81316519
12219.532 0.82667628
12219.939 0.84018735
12220.346 0.85369843
12220.753 0.86720951
12221.16 0.88072058
12221.567 0.89423167
12221.974 0.90790254
12222.38 0.92291339
12222.787 0.94070563
12223.194 0.95852619
12223.601 0.97631074
12224.008 0.99409529
12224.415 1.0118798
12224.822 1.0296644
12225.229 1.0474489
12225.636 1.0652334
12226.043 1.083018
12226.45 1.1008025
12226.857 1.1185871
12227.263 1.1363716
12227.67 1.1541562
12228.077 1.1719407
12228.484 1.1897253
12228.891 1.2075098
12229.298 1.2252944
12229.705 1.2430789
12230.112 1.2608635
12230.519 1.278648
12230.926 1.2964326
12231.333 1.3142171
12231.74 1.3320093
12232.146 1.3498299
12232.553 1.3676145
12232.96 1.385399
12233.367 1.4033
12233.774 1.4217605
12234.181 1.4402754
12234.588 1.4587902
12234.995 1.4773051
12235.402 1.4958199
12235.809 1.5143348
12236.216 1.5328495
12236.623 1.5513644
12237.03 1.5698792
12237.436 1.5883941
12237.843 1.6069089
12238.25 1.6254238
12238.657 1.6439386
12239.064 1.6624535
12239.471 1.6809683
12239.878 1.6994832
12240.285 1.717998
12240.692 1.7365207
12241.099 1.7550732
12241.506 1.7735881
12241.913 1.7921029
12242.319 1.8106178
12242.726 1.8291326
12243.133 1.8476475
12243.54 1.8661623
12243.947 1.8846772
12244.354 1.9026004
12244.761 1.9172942
12245.168 1.9301454
12245.575 1.9429967
12245.982 1.955848
12246.389 1.9686992
12246.796 1.9815505
12247.202 1.9944018
12247.609 2.007253
12248.016 2.0201043
12248.423 2.0329556
12248.83 2.0458068
12249.237 2.0586581
12249.644 2.0715094
12250.051 2.0843659
12250.458 2.0972435
12250.865 2.1100947
12251.272 2.122946
12251.679 2.1357973
12252.085 2.1486485
12252.492 2.1614998
12252.899 2.1743511
12253.306 2.1872023
12253.713 2.2000535
12254.12 2.2129048
12254.527 2.2257561
12254.934 2.2386073
12255.341 2.2509752
12255.748 2.2598504
12256.155 2.2632306
12256.562 2.2666107
12256.968 2.2699909
12257.375 2.2733711
12257.782 2.2767513
12258.189 2.2801315
12258.596 2.2835116
12259.003 2.2868932
12259.41 2.2902803
12259.817 2.2936604
12260.224 2.2970406
12260.631 2.3004208
12261.038 2.303801
12261.445 2.3071812
12261.851 2.3105613
12262.258 2.3139415
12262.665 2.3173216
12263.072 2.3207019
12263.479 2.3240821
12263.886 2.3274622
12264.293 2.3308424
12264.7 2.3342225
12265.107 2.3376027
12265.514 2.3409829
12265.921 2.3443631
12266.328 2.3477433
12266.734 2.3499486
12267.141 2.3462439
12267.548 2.3425344
12267.955 2.3388233
12268.362 2.3351063
12268.769 2.3313967
12269.176 2.3276872
12269.583 2.3239776
12269.99 2.3202682
12270.397 2.3165586
12270.804 2.3128491
12271.211 2.3091396
12271.617 2.3054301
12272.024 2.3017205
12272.431 2.2980111
12272.838 2.2943015
12273.245 2.290592
12273.652 2.2868825
12274.059 2.283173
12274.466 2.2794634
12274.873 2.2757539
12275.28 2.2720444
12275.687 2.2683349
12276.094 2.2646254
12276.501 2.2609159
12276.907 2.2572063
12277.314 2.2534953
12277.721 2.2495398
12278.128 2.2442841
12278.535 2.2385035
12278.942 2.2327229
12279.349 2.2269424
12279.756 2.2211617
12280.163 2.2153811
12280.57 2.2096006
12280.977 2.20382
12281.384 2.1980394
12281.79 2.1922588
12282.197 2.1864782
12282.604 2.1806976
12283.011 2.174917
12283.418 2.1691365
12283.825 2.1633558
12284.232 2.1575752
12284.639 2.1517947
12285.046 2.1460141
12285.453 2.1402335
12285.86 2.1344529
12286.267 2.12867
12286.673 2.1228775
12287.08 2.1170969
12287.487 2.1113164
12287.894 2.1055357
12288.301 2.0997551
12288.708 2.0940741
12289.115 2.0890594
12289.522 2.0848358
12289.929 2.0806122
12290.336 2.0763886
12290.743 2.072165
12291.15 2.0679414
12291.556 2.0637178
12291.963 2.0594942
12292.37 2.0552706
12292.777 2.051047
12293.184 2.0468234
12293.591 2.0425998
12293.998 2.0383762
12294.405 2.0341526
12294.812 2.029929
12295.219 2.0257037
12295.626 2.0214714
12296.033 2.0172478
12296.439 2.0130242
12296.846 2.0088006
12297.253 2.004577
12297.66 2.0003534
12298.067 1.9961298
12298.474 1.9919062
12298.881 1.9876826
12299.288 1.983459
12299.695 1.9792636
12300.102 1.9754989
12300.509 1.9732235
12300.916 1.9709483
12301.322 1.9686729
12301.729 1.9663976
12302.136 1.9641223
12302.543 1.961847
12302.95 1.9595717
12303.357 1.9572963
12303.764 1.955021
12304.171 1.9527458
12304.578 1.9504695
12304.985 1.9481895
12305.392 1.9459143
12305.799 1.9436389
12306.205 1.9413636
12306.612 1.9390883
12307.019 1.936813
12307.426 1.9345377
12307.833 1.9322623
12308.24 1.929987
12308.647 1.9277117
12309.054 1.9254364
12309.461 1.9231611
12309.868 1.9208857
12310.275 1.9186105
12310.682 1.9163351
12311.089 1.9142381
12311.495 1.913153
12311.902 1.9123272
12312.309 1.9115013
12312.716 1.9106754
12313.123 1.9098495
12313.53 1.9090233
12313.937 1.9081957
12314.344 1.9073698
12314.751 1.906544
12315.158 1.9057181
12315.565 1.9048922
12315.972 1.9040663
12316.378 1.9032404
12316.785 1.9024145
12317.192 1.9015887
12317.599 1.9007628
12318.006 1.8999369
12318.413 1.899111
12318.82 1.8982852
12319.227 1.8974592
12319.634 1.8966334
12320.041 1.8958075
12320.448 1.8949816
12320.855 1.8941557
12321.261 1.8933299
12321.668 1.8925039
12322.075 1.8917289
12322.482 1.8912885
12322.889 1.8911457
12323.296 1.8910033
12323.703 1.8908609
12324.11 1.8907185
12324.517 1.8905761
12324.924 1.8904337
12325.331 1.8902913
12325.738 1.8901488
12326.144 1.8900064
12326.551 1.8898641
12326.958 1.8897216
12327.365 1.8895792
12327.772 1.8894368
12328.179 1.8892944
12328.586 1.889152
12328.993 1.8890095
12329.4 1.8888672
12329.807 1.8887247
12330.214 1.8885823
12330.621 1.88844
12331.027 1.8882975
12331.434 1.8881551
12331.841 1.8880126
12332.248 1.8878699
12332.655 1.8877275
12333.062 1.8876088
12333.469 1.8877273
12333.876 1.8884347
12334.283 1.8891419
12334.69 1.8898493
12335.097 1.8905566
12335.504 1.8912639
12335.91 1.8919713
12336.317 1.8926786
12336.724 1.8933859
12337.131 1.8940932
12337.538 1.8948006
12337.945 1.8955079
12338.352 1.8962152
12338.759 1.8969226
12339.166 1.8976298
12339.573 1.8983372
12339.98 1.8990445
12340.387 1.8997518
12340.793 1.9004594
12341.2 1.9011682
12341.607 1.9018756
12342.014 1.9025829
12342.421 1.9032902
12342.828 1.9039976
12343.235 1.9047048
12343.642 1.9054122
12344.049 1.9061195
12344.456 1.9070719
12344.863 1.9094541
12345.27 1.9120269
12345.677 1.9145997
12346.083 1.9171726
12346.49 1.9197455
12346.897 1.9223183
12347.304 1.9248912
12347.711 1.927464
12348.118 1.9300369
12348.525 1.9326098
12348.932 1.9351826
12349.339 1.9377554
12349.746 1.9403293
12350.153 1.9429075
12350.56 1.9454803
12350.966 1.9480532
12351.373 1.9506261
12351.78 1.9531989
12352.187 1.9557717
12352.594 1.9583446
12353.001 1.9609175
12353.408 1.9634903
12353.815 1.9660631
12354.222 1.968636
12354.629 1.9712089
12355.036 1.9737818
12355.443 1.9765443
12355.849 1.9805538
12356.256 1.9853827
12356.663 1.9902116
12357.07 1.9950406
12357.477 1.9998695
12357.884 2.0046985
12358.291 2.0095274
12358.698 2.0143563
12359.105 2.019187
12359.512 2.0240261
12359.919 2.028855
12360.326 2.033684
12360.732 2.0385129
12361.139 2.0433418
12361.546 2.0481708
12361.953 2.0529997
12362.36 2.0578286
12362.767 2.0626575
12363.174 2.0674866
12363.581 2.0723155
12363.988 2.0771444
12364.395 2.0819733
12364.802 2.0868022
12365.209 2.0916312
12365.615 2.0964601
12366.022 2.1012891
12366.429 2.1062018
12366.836 2.1118393
12367.243 2.1188183
12367.65 2.1257973
12368.057 2.1327788
12368.464 2.1397725
12368.871 2.1467515
12369.278 2.1537305
12369.685 2.1607095
12370.092 2.1676886
12370.498 2.1746676
12370.905 2.1816466
12371.312 2.1886257
12371.719 2.1956046
12372.126 2.2025836
12372.533 2.2095627
12372.94 2.2165417
12373.347 2.2235207
12373.754 2.2304998
12374.161 2.2374788
12374.568 2.2444577
12374.975 2.2514367
12375.381 2.2584158
12375.788 2.2653948
12376.195 2.2723738
12376.602 2.2793529
12377.009 2.2863343
12377.416 2.293328
12377.823 2.30068
12378.23 2.3102879
12378.637 2.3199671
12379.044 2.3296463
12379.451 2.3393257
12379.858 2.3490049
12380.264 2.3586842
12380.671 2.3683635
12381.078 2.3780427
12381.485 2.387722
12381.892 2.3974013
12382.299 2.4070806
12382.706 2.4167598
12383.113 2.426439
12383.52 2.4361184
12383.927 2.4457976
12384.334 2.4554769
12384.741 2.4651562
12385.148 2.4748354
12385.554 2.4845147
12385.961 2.494194
12386.368 2.5038765
12386.775 2.5135763
12387.182 2.5232556
12387.589 2.5329349
12387.996 2.5426141
12388.403 2.5522934
12388.81 2.5618045
12389.217 2.5701945
12389.624 2.5780652
12390.031 2.5859358
12390.437 2.5938064
12390.844 2.6016771
12391.251 2.6095477
12391.658 2.6174184
12392.065 2.625289
12392.472 2.6331596
12392.879 2.6410303
12393.286 2.648901
12393.693 2.6567716
12394.1 2.6646423
12394.507 2.672513
12394.914 2.6803836
12395.32 2.6882568
12395.727 2.6961442
12396.134 2.7040148
12396.541 2.7118855
12396.948 2.7197561
12397.355 2.7276268
12397.762 2.7354974
12398.169 2.7433681
12398.576 2.7512388
12398.983 2.7591094
12399.39 2.7669801
12399.797 2.7745961
12400.203 2.780157
12400.61 2.782899
12401.017 2.785641
12401.424 2.788383
12401.831 2.791125
12402.238 2.793867
12402.645 2.7966091
12403.052 2.799351
12403.459 2.8020931
12403.866 2.8048351
12404.273 2.807578
12404.68 2.8103258
12405.086 2.8130678
12405.493 2.8158098
12405.9 2.8185519
12406.307 2.8212938
12406.714 2.8240359
12407.121 2.8267778
12407.528 2.8295199
12407.935 2.8322619
12408.342 2.8350038
12408.749 2.8377459
12409.156 2.8404879
12409.563 2.8432299
12409.969 2.8459719
12410.376 2.8487139
12410.783 2.8514281
12411.19 2.853534
12411.597 2.8528567
12412.004 2.8521793
12412.411 2.8515019
12412.818 2.8508246
12413.225 2.8501472
12413.632 2.8494696
12414.039 2.8487908
12414.446 2.8481135
12414.852 2.8474362
12415.259 2.8467588
12415.666 2.8460815
12416.073 2.8454041
12416.48 2.8447267
12416.887 2.8440494
12417.294 2.843372
12417.701 2.8426947
12418.108 2.8420174
12418.515 2.84134
12418.922 2.8406627
12419.329 2.8399853
12419.736 2.8393079
12420.142 2.8386306
12420.549 2.8379532
12420.956 2.8372758
12421.363 2.8365985
12421.77 2.8359212
12422.177 2.8349308
12422.584 2.8317496
12422.991 2.8278946
12423.398 2.8240478
12423.805 2.8202009
12424.212 2.8163541
12424.619 2.8125073
12425.025 2.8086605
12425.432 2.8048137
12425.839 2.8009668
12426.246 2.7971199
12426.653 2.7932731
12427.06 2.7894263
12427.467 2.7855794
12427.874 2.7817326
12428.281 2.7778858
12428.688 2.774039
12429.095 2.7701922
12429.502 2.7663452
12429.908 2.7624984
12430.315 2.7586516
12430.722 2.7548048
12431.129 2.750958
12431.536 2.7471099
12431.943 2.7432549
12432.35 2.739408
12432.757 2.7355612
12433.164 2.7315847
12433.571 2.7265836
12433.978 2.7205421
12434.385 2.7145006
12434.791 2.708459
12435.198 2.7024175
12435.605 2.6963759
12436.012 2.6903344
12436.419 2.6842928
12436.826 2.6782513
12437.233 2.6722097
12437.64 2.6661682
12438.047 2.6601267
12438.454 2.6540851
12438.861 2.6480435
12439.268 2.642002
12439.674 2.6359605
12440.081 2.6299189
12440.488 2.6238773
12440.895 2.617834
12441.302 2.6117794
12441.709 2.6057379
12442.116 2.5996964
12442.523 2.5936548
12442.93 2.5876132
12443.337 2.5815717
12443.744 2.5755302
12444.151 2.5694714
12444.557 2.5631992
12444.964 2.5562698
12445.371 2.5493404
12445.778 2.542411
12446.185 2.5354816
12446.592 2.5285521
12446.999 2.5216227
12447.406 2.5146933
12447.813 2.5077639
12448.22 2.5008345
12448.627 2.4939051
12449.034 2.4869757
12449.44 2.4800463
12449.847 2.4731148
12450.254 2.4661704
12450.661 2.459241
12451.068 2.4523116
12451.475 2.4453822
12451.882 2.4384528
12452.289 2.4315234
12452.696 2.424594
12453.103 2.4176646
12453.51 2.4107352
12453.917 2.4038057
12454.323 2.3968763
12454.73 2.3899469
12455.137 2.3830176
12455.544 2.3758991
12455.951 2.3674047
12456.358 2.3586687
12456.765 2.3499327
12457.172 2.3411966
12457.579 2.3324606
12457.986 2.3237245
12458.393 2.3149884
12458.8 2.3062498
12459.207 2.2974949
12459.613 2.2887589
12460.02 2.2800228
12460.427 2.2712867
12460.834 2.2625507
12461.241 2.2538146
12461.648 2.2450786
12462.055 2.2363426
12462.462 2.2276065
12462.869 2.2188704
12463.276 2.2101344
12463.683 2.2013984
12464.09 2.1926623
12464.496 2.1839263
12464.903 2.1751903
12465.31 2.1664541
12465.717 2.1577181
12466.124 2.1489821
12466.531 2.1401835
12466.938 2.1308764
12467.345 2.1211878
12467.752 2.1114992
12468.159 2.1018077
12468.566 2.0920981
12468.973 2.0824093
12469.379 2.0727207
12469.786 2.0630321
12470.193 2.0533434
12470.6 2.0436547
12471.007 2.033966
12471.414 2.0242774
12471.821 2.0145888
12472.228 2.0049001
12472.635 1.9952114
12473.042 1.9855227
12473.449 1.9758341
12473.856 1.9661455
12474.262 1.9564567
12474.669 1.9467681
12475.076 1.9370795
12475.483 1.9273908
12475.89 1.9177022
12476.297 1.9080134
12476.704 1.8983248
12477.111 1.8886334
12477.518 1.8789384
12477.925 1.8694176
12478.332 1.8602338
12478.739 1.85105
12479.145 1.8418662
12479.552 1.8326824
12479.959 1.8234985
12480.366 1.8143147
12480.773 1.8051308
12481.18 1.7959471
12481.587 1.7867633
12481.994 1.7775794
12482.401 1.7683956
12482.808 1.7592118
12483.215 1.750028
12483.622 1.7408442
12484.028 1.7316603
12484.435 1.7224766
12484.842 1.7132927
12485.249 1.7041089
12485.656 1.6949251
12486.063 1.6857387
12486.47 1.6765349
12486.877 1.6673511
12487.284 1.6581672
12487.691 1.6489834
12488.098 1.6397996
12488.505 1.6306158
12488.911 1.62155
12489.318 1.6133849
12489.725 1.6052777
12490.132 1.5971705
12490.539 1.5890633
12490.946 1.580956
12491.353 1.5728489
12491.76 1.5647416
12492.167 1.5566345
12492.574 1.5485272
12492.981 1.54042
12493.388 1.5323128
12493.795 1.5242056
12494.201 1.5160984
12494.608 1.5079912
12495.015 1.499884
12495.422 1.4917745
12495.829 1.4836496
12496.236 1.4755425
12496.643 1.4674353
12497.05 1.459328
12497.457 1.4512209
12497.864 1.4431136
12498.271 1.4350065
12498.678 1.4268992
12499.084 1.418792
12499.491 1.4106848
12499.898 1.4026766
12500.305 1.3954959
12500.712 1.3887559
12501.119 1.3820161
12501.526 1.3752762
12501.933 1.3685362
12502.34 1.3617963
12502.747 1.3550565
12503.154 1.3483165
12503.561 1.3415766
12503.967 1.3348368
12504.374 1.328095
12504.781 1.3213403
12505.188 1.3146004
12505.595 1.3078605
12506.002 1.3011206
12506.409 1.2943807
12506.816 1.2876408
12507.223 1.2809009
12507.63 1.274161
12508.037 1.267421
12508.444 1.2606812
12508.85 1.2539413
12509.257 1.2472013
12509.664 1.2404615
12510.071 1.2337216
12510.478 1.2269816
12510.885 1.2203028
12511.292 1.2142371
12511.699 1.2091525
12512.106 1.2040678
12512.513 1.1989832
12512.92 1.1938986
12513.327 1.1888126
12513.733 1.1837169
12514.14 1.1786323
12514.547 1.1735477
12514.954 1.168463
12515.361 1.1633785
12515.768 1.1582939
12516.175 1.1532092
12516.582 1.1481246
12516.989 1.14304
12517.396 1.1379554
12517.803 1.1328708
12518.21 1.1277862
12518.616 1.1227016
12519.023 1.1176169
12519.43 1.1125324
12519.837 1.1074478
12520.244 1.1023631
12520.651 1.0972785
12521.058 1.0921939
12521.465 1.0871093
12521.872 1.0820317
12522.279 1.0772318
12522.686 1.0742554
12523.093 1.0712732
12523.499 1.0682976
12523.906 1.0653219
12524.313 1.0623463
12524.72 1.0593707
12525.127 1.056395
12525.534 1.0534194
12525.941 1.0504437
12526.348 1.0474681
12526.755 1.0444924
12527.162 1.0415168
12527.569 1.0385411
12527.976 1.0355655
12528.383 1.0325898
12528.789 1.0296142
12529.196 1.0266385
12529.603 1.0236629
12530.01 1.0206872
12530.417 1.0177116
12530.824 1.0147359
12531.231 1.0117603
12531.638 1.0087838
12532.045 1.0058017
12532.452 1.002826
12532.859 0.9998504
12533.266 0.99694062
12533.672 0.9946055
12534.079 0.99247586
12534.486 0.99034622
12534.893 0.98821659
12535.3 0.98608695
12535.707 0.98395732
12536.114 0.98182769
12536.521 0.97969806
12536.928 0.97756842
12537.335 0.97543878
12537.742 0.97330915
12538.149 0.97117951
12538.555 0.96904988
12538.962 0.96692025
12539.369 0.96479062
12539.776 0.96266098
12540.183 0.96053134
12540.59 0.95840117
12540.997 0.95626684
12541.404 0.95413721
12541.811 0.95200757
12542.218 0.94987793
12542.625 0.9477483
12543.032 0.94561866
12543.438 0.94348903
12543.845 0.9413594
12544.252 0.93923986
12544.659 0.93722097
12545.066 0.93531971
12545.473 0.93341845
12545.88 0.93151719
12546.287 0.92961593
12546.694 0.92771466
12547.101 0.92581341
12547.508 0.92391214
12547.915 0.92201089
12548.321 0.92010962
12548.728 0.91820837
12549.135 0.9163071
12549.542 0.91440584
12549.949 0.91250411
12550.356 0.91059864
12550.763 0.90869739
12551.17 0.90679612
12551.577 0.90489486
12551.984 0.9029936
12552.391 0.90109234
12552.798 0.89919108
12553.204 0.89728982
12553.611 0.89538855
12554.018 0.8934873
12554.425 0.89158603
12554.832 0.88968478
12555.239 0.88778701
12555.646 0.88594589
12556.053 0.88433274
12556.46 0.8827196
12556.867 0.88110646
12557.274 0.87949332
12557.681 0.87788018
12558.087 0.87626704
12558.494 0.87465389
12558.901 0.87304036
12559.308 0.87142364
12559.715 0.8698105
12560.122 0.86819737
12560.529 0.86658422
12560.936 0.86497108
12561.343 0.86335794
12561.75 0.86174479
12562.157 0.86013165
12562.564 0.85851851
12562.97 0.85690537
12563.377 0.85529223
12563.784 0.85367909
12564.191 0.85206594
12564.598 0.8504528
12565.005 0.84883966
12565.412 0.84722652
12565.819 0.84561338
12566.226 0.84400024
12566.633 0.84243703
12567.04 0.84134609
12567.447 0.84035822
12567.854 0.83937012
12568.26 0.83838006
12568.667 0.83739219
12569.074 0.83640432
12569.481 0.83541645
12569.888 0.83442858
12570.295 0.83344071
12570.702 0.83245284
12571.109 0.83146497
12571.516 0.8304771
12571.923 0.82948923
12572.33 0.82850136
12572.737 0.82751349
12573.143 0.82652562
12573.55 0.82553775
12573.957 0.82454988
12574.364 0.82356201
12574.771 0.82257414
12575.178 0.82158627
12575.585 0.8205984
12575.992 0.81961053
12576.399 0.81862266
12576.806 0.81763479
12577.213 0.81664669
12577.62 0.81567075
12578.026 0.81484158
12578.433 0.81413625
12578.84 0.81343094
12579.247 0.81272562
12579.654 0.8120203
12580.061 0.81131498
12580.468 0.81060966
12580.875 0.80990434
12581.282 0.80919902
12581.689 0.80849371
12582.096 0.80778838
12582.503 0.80708306
12582.909 0.80637775
12583.316 0.80567243
12583.723 0.80496711
12584.13 0.80426178
12584.537 0.80355647
12584.944 0.80285115
12585.351 0.80214583
12585.758 0.80144051
12586.165 0.80073503
12586.572 0.80002814
12586.979 0.79932282
12587.386 0.7986175
12587.792 0.79791218
12588.199 0.79720686
12588.606 0.79649695
12589.013 0.79572579
12589.42 0.79479017
12589.827 0.79385456
12590.234 0.79291894
12590.641 0.79198332
12591.048 0.7910477
12591.455 0.79011208
12591.862 0.78917647
12592.269 0.78824085
12592.675 0.78730523
12593.082 0.78636961
12593.489 0.78543399
12593.896 0.78449837
12594.303 0.78356275
12594.71 0.78262713
12595.117 0.78169131
12595.524 0.7807536
12595.931 0.77981798
12596.338 0.77888236
12596.745 0.77794674
12597.152 0.77701113
12597.558 0.77607551
12597.965 0.77513989
12598.372 0.77420427
12598.779 0.77326866
12599.186 0.77233304
12599.593 0.77139742
12600 0.7704582
12600.407 0.76948271
12600.814 0.76850362
12601.221 0.76752453
12601.628 0.76654544
12602.035 0.76556634
12602.442 0.76458725
12602.848 0.76360816
12603.255 0.76262907
12603.662 0.76164999
12604.069 0.7606709
12604.476 0.75969159
12604.883 0.75871031
12605.29 0.75773121
12605.697 0.75675212
12606.104 0.75577303
12606.511 0.75479394
12606.918 0.75381485
12607.325 0.75283576
12607.731 0.75185667
12608.138 0.75087758
12608.545 0.74989849
12608.952 0.7489194
12609.359 0.74794031
12609.766 0.74696122
12610.173 0.74598212
12610.58 0.74500303
12610.987 0.74401555
12611.394 0.74293561
12611.801 0.74179915
12612.208 0.74066269
12612.614 0.73952623
12613.021 0.73838977
12613.428 0.73725306
12613.835 0.73611404
12614.242 0.73497758
12614.649 0.73384112
12615.056 0.73270466
12615.463 0.7315682
12615.87 0.73043174
12616.277 0.72929527
12616.684 0.72815881
12617.091 0.72702235
12617.497 0.72588589
12617.904 0.72474943
12618.311 0.72361297
12618.718 0.7224765
12619.125 0.72134005
12619.532 0.72020359
12619.939 0.71906713
12620.346 0.71793066
12620.753 0.7167942
12621.16 0.71565774
12621.567 0.71452128
12621.974 0.71337874
12622.38 0.71215646
12622.787 0.71078099
12623.194 0.70940862
12623.601 0.70803624
12624.008 0.70666387
12624.415 0.7052915
12624.822 0.70391913
12625.229 0.70254676
12625.636 0.70117438
12626.043 0.69980201
12626.45 0.69842963
12626.857 0.69705726
12627.263 0.69568489
12627.67 0.69431251
12628.077 0.69294014
12628.484 0.69156777
12628.891 0.6901954
12629.298 0.68882303
12629.705 0.68745065
12630.112 0.68607827
12630.519 0.6847059
12630.926 0.68333353
12631.333 0.68196115
12631.74 0.6805885
12632.146 0.67921304
12632.553 0.67784067
12632.96 0.6764683
12633.367 0.67510084
12633.774 0.67378649
12634.181 0.67247213
12634.588 0.67115776
12634.995 0.6698434
12635.402 0.66852904
12635.809 0.66721468
12636.216 0.66590032
12636.623 0.66458595
12637.03 0.6632716
12637.436 0.66195723
12637.843 0.66064287
12638.25 0.65932852
12638.657 0.65801415
12639.064 0.65669979
12639.471 0.65538543
12639.878 0.65407107
12640.285 0.65275671
12640.692 0.65144208
12641.099 0.65012475
12641.506 0.6488104
12641.913 0.64749603
12642.319 0.64618167
12642.726 0.64486731
12643.133 0.64355295
12643.54 0.64223859
12643.947 0.64092422
12644.354 0.63960985
12644.761 0.63829524
12645.168 0.63698054
12645.575 0.63566584
12645.982 0.63435115
12646.389 0.63303645
12646.796 0.63172175
12647.202 0.63040706
12647.609 0.62909235
12648.016 0.62777766
12648.423 0.62646295
12648.83 0.62514826
12649.237 0.62383356
12649.644 0.62251861
12650.051 0.62120093
12650.458 0.61988623
12650.865 0.61857153
12651.272 0.61725684
12651.679 0.61594214
12652.085 0.61462744
12652.492 0.61331275
12652.899 0.61199804
12653.306 0.61068335
12653.713 0.60936864
12654.12 0.60805395
12654.527 0.60673925
12654.934 0.60542455
12655.341 0.60410952
12655.748 0.60279004
12656.155 0.60146448
12656.562 0.60013891
12656.968 0.59881334
12657.375 0.59748777
12657.782 0.59616221
12658.189 0.59483664
12658.596 0.59351108
12659.003 0.59218527
12659.41 0.59085669
12659.817 0.58953112
12660.224 0.58820555
12660.631 0.58687999
12661.038 0.58555442
12661.445 0.58422886
12661.851 0.5829033
12662.258 0.58157773
12662.665 0.58025216
12663.072 0.57892659
12663.479 0.57760103
12663.886 0.57627547
12664.293 0.5749499
12664.7 0.57362434
12665.107 0.57229877
12665.514 0.5709732
12665.921 0.56964763
12666.328 0.56832219
12666.734 0.56699935
12667.141 0.56569107
12667.548 0.56438277
12667.955 0.56307424
12668.362 0.56176298
12668.769 0.56045468
12669.176 0.55914639
12669.583 0.5578381
12669.99 0.55652981
12670.397 0.55522151
12670.804 0.55391323
12671.211 0.55260493
12671.617 0.55129664
12672.024 0.54998835
12672.431 0.54868006
12672.838 0.54737176
12673.245 0.54606348
12673.652 0.54475518
12674.059 0.5434469
12674.466 0.5421386
12674.873 0.54083031
12675.28 0.53952202
12675.687 0.53821373
12676.094 0.53690543
12676.501 0.53559715
12676.907 0.53428862
12677.314 0.53297734
12677.721 0.53168012
12678.128 0.53052365
12678.535 0.5294044
12678.942 0.52828514
12679.349 0.52716589
12679.756 0.52604664
12680.163 0.52492738
12680.57 0.52380813
12680.977 0.52268888
12681.384 0.52156962
12681.79 0.52045037
12682.197 0.51933112
12682.604 0.51821186
12683.011 0.51709261
12683.418 0.51597336
12683.825 0.5148541
12684.232 0.51373485
12684.639 0.5126156
12685.046 0.51149634
12685.453 0.51037709
12685.86 0.50925784
12686.267 0.50813839
12686.673 0.50701659
12687.08 0.50589734
12687.487 0.50477808
12687.894 0.50365883
12688.301 0.50253958
12688.708 0.50142728
12689.115 0.50041283
12689.522 0.49949463
12689.929 0.49857644
12690.336 0.49765824
12690.743 0.49674005
12691.15 0.49582187
12691.556 0.49490367
12691.963 0.49398548
12692.37 0.49306728
12692.777 0.4921491
12693.184 0.49123091
12693.591 0.49031271
12693.998 0.48939452
12694.405 0.48847632
12694.812 0.48755814
12695.219 0.48663979
12695.626 0.48571949
12696.033 0.4848013
12696.439 0.48388311
12696.846 0.48296492
12697.253 0.48204673
12697.66 0.48112853
12698.067 0.48021034
12698.474 0.47929215
12698.881 0.47837396
12699.288 0.47745577
12699.695 0.47653574
12700.102 0.47558246
12700.509 0.47451657
12700.916 0.47345068
12701.322 0.47238479
12701.729 0.4713189
12702.136 0.47025301
12702.543 0.46918712
12702.95 0.46812124
12703.357 0.46705534
12703.764 0.46598946
12704.171 0.46492339
12704.578 0.46385506
12704.985 0.46278918
12705.392 0.46172328
12705.799 0.4606574
12706.205 0.4595915
12706.612 0.45852562
12707.019 0.45745973
12707.426 0.45639384
12707.833 0.45532795
12708.24 0.45426206
12708.647 0.45319617
12709.054 0.45213028
12709.461 0.45106439
12709.868 0.44999851
12710.275 0.44893261
12710.682 0.44786673
12711.089 0.44679869
12711.495 0.44569958
12711.902 0.44459623
12712.309 0.44349287
12712.716 0.44238953
12713.123 0.44128618
12713.53 0.44018265
12713.937 0.43907677
12714.344 0.43797342
12714.751 0.43687006
12715.158 0.43576672
12715.565 0.43466337
12715.972 0.43356001
12716.378 0.43245667
12716.785 0.43135332
12717.192 0.43024996
12717.599 0.42914662
12718.006 0.42804327
12718.413 0.42693991
12718.82 0.42583657
12719.227 0.42473321
12719.634 0.42362986
12720.041 0.42252652
12720.448 0.42142316
12720.855 0.42031981
12721.261 0.41921647
12721.668 0.41811311
12722.075 0.41701847
12722.482 0.4160615
12722.889 0.41519935
12723.296 0.41433916
12723.703 0.41347898
12724.11 0.4126188
12724.517 0.41175862
12724.924 0.41089844
12725.331 0.41003826
12725.738 0.40917808
12726.144 0.4083179
12726.551 0.40745771
12726.958 0.40659754
12727.365 0.40573735
12727.772 0.40487718
12728.179 0.40401699
12728.586 0.40315681
12728.993 0.40229663
12729.4 0.40143645
12729.807 0.40057627
12730.214 0.39971608
12730.621 0.3988559
12731.027 0.39799572
12731.434 0.39713554
12731.841 0.39627523
12732.248 0.39541307
12732.655 0.39455288
12733.062 0.393695
12733.469 0.39287811
12733.876 0.39215404
12734.283 0.39142997
12734.69 0.39070588
12735.097 0.38998181
12735.504 0.38925774
12735.91 0.38853366
12736.317 0.38780958
12736.724 0.38708551
12737.131 0.38636143
12737.538 0.38563736
12737.945 0.38491328
12738.352 0.3841892
12738.759 0.38346513
12739.166 0.38274106
12739.573 0.38201697
12739.98 0.3812929
12740.387 0.38056883
12740.793 0.37984465
12741.2 0.37911889
12741.607 0.37839482
12742.014 0.37767074
12742.421 0.37694667
12742.828 0.3762226
12743.235 0.37549851
12743.642 0.37477444
12744.049 0.37405037
12744.456 0.37332343
12744.863 0.37255013
12745.27 0.37177543
12745.677 0.37100075
12746.083 0.37022606
12746.49 0.36945137
12746.897 0.36867668
12747.304 0.367902
12747.711 0.3671273
12748.118 0.36635262
12748.525 0.36557793
12748.932 0.36480324
12749.339 0.36402855
12749.746 0.36325375
12750.153 0.36247727
12750.56 0.36170258
12750.966 0.3609279
12751.373 0.3601532
12751.78 0.35937852
12752.187 0.35860383
12752.594 0.35782914
12753.001 0.35705445
12753.408 0.35627977
12753.815 0.35550507
12754.222 0.35473038
12754.629 0.3539557
12755.036 0.353181
12755.443 0.35240558
12755.849 0.3516171
12756.256 0.35082226
12756.663 0.35002741
12757.07 0.34923256
12757.477 0.34843771
12757.884 0.34764287
12758.291 0.34684802
12758.698 0.34605317
12759.105 0.34525822
12759.512 0.34446152
12759.919 0.34366668
12760.326 0.34287183
12760.732 0.34207698
12761.139 0.34128214
12761.546 0.3404873
12761.953 0.33969245
12762.36 0.3388976
12762.767 0.33810275
12763.174 0.33730791
12763.581 0.33651306
12763.988 0.33571821
12764.395 0.33492336
12764.802 0.33412852
12765.209 0.33333367
12765.615 0.33253883
12766.022 0.33174398
12766.429 0.33095103
12766.836 0.3301956
12767.243 0.32950031
12767.65 0.32880501
12768.057 0.32810962
12768.464 0.32741271
12768.871 0.32671741
12769.278 0.32602212
12769.685 0.32532683
12770.092 0.32463153
12770.498 0.32393623
12770.905 0.32324094
12771.312 0.32254564
12771.719 0.32185034
12772.126 0.32115505
12772.533 0.32045975
12772.94 0.31976445
12773.347 0.31906916
12773.754 0.31837386
12774.161 0.31767857
12774.568 0.31698328
12774.975 0.31628798
12775.381 0.31559268
12775.788 0.31489739
12776.195 0.31420209
12776.602 0.31350679
12777.009 0.31281142
12777.416 0.31211495
12777.823 0.31143549
12778.23 0.3108861
12778.637 0.31033671
12779.044 0.30978732
12779.451 0.30923794
12779.858 0.30868856
12780.264 0.30813917
12780.671 0.30758978
12781.078 0.30704039
12781.485 0.306491
12781.892 0.30594161
12782.299 0.30539223
12782.706 0.30484284
12783.113 0.30429346
12783.52 0.30374407
12783.927 0.30319468
12784.334 0.30264529
12784.741 0.30209591
12785.148 0.30154652
12785.554 0.30099713
12785.961 0.30044774
12786.368 0.29989829
12786.775 0.29934762
12787.182 0.29879824
12787.589 0.29824885
12787.996 0.29769946
12788.403 0.29715007
12788.81 0.29660773
12789.217 0.29620562
12789.624 0.29584775
12790.031 0.29548987
12790.437 0.295132
12790.844 0.29477412
12791.251 0.29441624
12791.658 0.29405836
12792.065 0.2937005
12792.472 0.29334262
12792.879 0.29298474
12793.286 0.29262686
12793.693 0.29226899
12794.1 0.29191111
12794.507 0.29155323
12794.914 0.29119536
12795.32 0.29083745
12795.727 0.29047873
12796.134 0.29012085
12796.541 0.28976297
12796.948 0.2894051
12797.355 0.28904723
12797.762 0.28868935
12798.169 0.28833147
12798.576 0.2879736
12798.983 0.28761572
12799.39 0.28725784
12799.797 0.28690273
12800.203 0.28660884
12800.61 0.28638447
12801.017 0.28616009
12801.424 0.28593572
12801.831 0.28571134
12802.238 0.28548698
12802.645 0.2852626
12803.052 0.28503823
12803.459 0.28481386
12803.866 0.28458948
12804.273 0.28436508
12804.68 0.28414018
12805.086 0.28391581
12805.493 0.28369143
12805.9 0.28346706
12806.307 0.28324268
12806.714 0.28301832
12807.121 0.28279394
12807.528 0.28256957
12807.935 0.28234519
12808.342 0.28212082
12808.749 0.28189644
12809.156 0.28167207
12809.563 0.2814477
12809.969 0.28122332
12810.376 0.28099895
12810.783 0.28077476
12811.19 0.28055573
12811.597 0.28035985
12812.004 0.28016397
12812.411 0.27996809
12812.818 0.2797722
12813.225 0.27957632
12813.632 0.27938042
12814.039 0.27918408
12814.446 0.2789882
12814.852 0.27879231
12815.259 0.27859643
12815.666 0.27840055
12816.073 0.27820467
12816.48 0.27800879
12816.887 0.2778129
12817.294 0.27761702
12817.701 0.27742114
12818.108 0.27722526
12818.515 0.27702938
12818.922 0.27683349
12819.329 0.27663761
12819.736 0.27644173
12820.142 0.27624585
12820.549 0.27604996
12820.956 0.27585407
12821.363 0.27565819
12821.77 0.27546231
12822.177 0.27526317
12822.584 0.2749837
12822.991 0.2746894
12823.398 0.27439578
12823.805 0.27410216
12824.212 0.27380855
12824.619 0.27351493
12825.025 0.27322132
12825.432 0.27292771
12825.839 0.27263409
12826.246 0.27234048
12826.653 0.27204687
12827.06 0.27175325
12827.467 0.27145964
12827.874 0.27116602
12828.281 0.27087241
12828.688 0.2705788
12829.095 0.27028518
12829.502 0.26999157
12829.908 0.26969796
12830.315 0.26940434
12830.722 0.26911073
12831.129 0.26881711
12831.536 0.26852347
12831.943 0.26822916
12832.35 0.26793554
12832.757 0.26764193
12833.164 0.2673478
12833.571 0.26704021
12833.978 0.26672182
12834.385 0.26640343
12834.791 0.26608505
12835.198 0.26576665
12835.605 0.26544827
12836.012 0.26512988
12836.419 0.2648115
12836.826 0.2644931
12837.233 0.26417471
12837.64 0.26385633
12838.047 0.26353793
12838.454 0.26321955
12838.861 0.26290116
12839.268 0.26258277
12839.674 0.26226438
12840.081 0.261946
12840.488 0.2616276
12840.895 0.26130919
12841.302 0.26099005
12841.709 0.26067165
12842.116 0.26035327
12842.523 0.26003488
12842.93 0.25971648
12843.337 0.2593981
12843.744 0.25907971
12844.151 0.25876178
12844.557 0.25845772
12844.964 0.25819227
12845.371 0.25792682
12845.778 0.25766139
12846.185 0.25739594
12846.592 0.2571305
12846.999 0.25686506
12847.406 0.25659961
12847.813 0.25633417
12848.22 0.25606873
12848.627 0.25580328
12849.034 0.25553785
12849.44 0.2552724
12849.847 0.25500693
12850.254 0.25474087
12850.661 0.25447542
12851.068 0.25420997
12851.475 0.25394454
12851.882 0.25367909
12852.289 0.25341365
12852.696 0.25314821
12853.103 0.25288276
12853.51 0.25261732
12853.917 0.25235188
12854.323 0.25208643
12854.73 0.25182099
12855.137 0.25155555
12855.544 0.25129072
12855.951 0.25104409
12856.358 0.25079866
12856.765 0.25055322
12857.172 0.25030779
12857.579 0.25006236
12857.986 0.24981692
12858.393 0.24957148
12858.8 0.24932603
12859.207 0.24908001
12859.613 0.24883458
12860.02 0.24858914
12860.427 0.24834371
12860.834 0.24809827
12861.241 0.24785284
12861.648 0.24760741
12862.055 0.24736197
12862.462 0.24711654
12862.869 0.2468711
12863.276 0.24662567
12863.683 0.24638024
12864.09 0.2461348
12864.496 0.24588937
12864.903 0.24564393
12865.31 0.2453985
12865.717 0.24515307
12866.124 0.24490763
12866.531 0.244662
12866.938 0.24440972
12867.345 0.24415372
12867.752 0.24389771
12868.159 0.24364168
12868.566 0.24338506
12868.973 0.24312905
12869.379 0.24287305
12869.786 0.24261704
12870.193 0.24236103
12870.6 0.24210502
12871.007 0.24184901
12871.414 0.24159301
12871.821 0.241337
12872.228 0.24108099
12872.635 0.24082498
12873.042 0.24056897
12873.449 0.24031297
12873.856 0.24005697
12874.262 0.23980096
12874.669 0.23954495
12875.076 0.23928894
12875.483 0.23903293
12875.89 0.23877693
12876.297 0.23852092
12876.704 0.23826491
12877.111 0.23800888
12877.518 0.23775223
12877.925 0.23749482
12878.332 0.23723486
12878.739 0.2369749
12879.145 0.23671493
12879.552 0.23645497
12879.959 0.23619501
12880.366 0.23593504
12880.773 0.23567508
12881.18 0.23541511
12881.587 0.23515516
12881.994 0.23489519
12882.401 0.23463523
12882.808 0.23437526
12883.215 0.2341153
12883.622 0.23385534
12884.028 0.23359537
12884.435 0.23333541
12884.842 0.23307545
12885.249 0.23281548
12885.656 0.23255552
12886.063 0.23229554
12886.47 0.23203496
12886.877 0.23177499
12887.284 0.23151503
12887.691 0.23125507
12888.098 0.2309951
12888.505 0.23073516
12888.911 0.23047668
12889.318 0.2302435
12889.725 0.23001033
12890.132 0.22977716
12890.539 0.22954399
12890.946 0.22931082
12891.353 0.22907765
12891.76 0.22884448
12892.167 0.22861131
12892.574 0.22837814
12892.981 0.22814497
12893.388 0.2279118
12893.795 0.22767863
12894.201 0.22744546
12894.608 0.22721229
12895.015 0.22697911
12895.422 0.22674594
12895.829 0.22651221
12896.236 0.22627903
12896.643 0.22604586
12897.05 0.2258127
12897.457 0.22557952
12897.864 0.22534635
12898.271 0.22511318
12898.678 0.22488002
12899.084 0.22464684
12899.491 0.22441367
12899.898 0.22418088
12900.305 0.22396458
12900.712 0.22375442
12901.119 0.22354426
12901.526 0.22333409
12901.933 0.22312392
12902.34 0.22291377
12902.747 0.2227036
12903.154 0.22249343
12903.561 0.22228327
12903.967 0.22207311
12904.374 0.22186293
12904.781 0.22165226
12905.188 0.22144209
12905.595 0.22123193
12906.002 0.22102176
12906.409 0.2208116
12906.816 0.22060143
12907.223 0.22039127
12907.63 0.2201811
12908.037 0.21997094
12908.444 0.21976078
12908.85 0.21955061
12909.257 0.21934044
12909.664 0.21913028
12910.071 0.21892012
12910.478 0.21870995
12910.885 0.21849943
12911.292 0.21827065
12911.699 0.21801777
12912.106 0.21776489
12912.513 0.21751201
12912.92 0.21725914
12913.327 0.21700624
12913.733 0.21675275
12914.14 0.21649987
12914.547 0.21624699
12914.954 0.21599411
12915.361 0.21574123
12915.768 0.21548835
12916.175 0.21523547
12916.582 0.2149826
12916.989 0.21472972
12917.396 0.21447684
12917.803 0.21422396
12918.21 0.21397108
12918.616 0.2137182
12919.023 0.21346532
12919.43 0.21321244
12919.837 0.21295957
12920.244 0.21270669
12920.651 0.21245381
12921.058 0.21220093
12921.465 0.21194804
12921.872 0.21169509
12922.279 0.21143716
12922.686 0.21114725
12923.093 0.21085663
12923.499 0.21056673
12923.906 0.21027682
12924.313 0.20998691
12924.72 0.20969701
12925.127 0.2094071
12925.534 0.2091172
12925.941 0.20882728
12926.348 0.20853737
12926.755 0.20824747
12927.162 0.20795756
12927.569 0.20766766
12927.976 0.20737775
12928.383 0.20708784
12928.789 0.20679794
12929.196 0.20650802
12929.603 0.20621812
12930.01 0.20592821
12930.417 0.20563831
12930.824 0.2053484
12931.231 0.20505849
12931.638 0.20476858
12932.045 0.20447796
12932.452 0.20418806
12932.859 0.20389815
12933.266 0.2036089
12933.672 0.20336028
12934.079 0.2031206
12934.486 0.20288093
12934.893 0.20264126
12935.3 0.20240159
12935.707 0.2021619
12936.114 0.20192223
12936.521 0.20168256
12936.928 0.20144289
12937.335 0.20120321
12937.742 0.20096354
12938.149 0.20072387
12938.555 0.20048418
12938.962 0.20024451
12939.369 0.20000484
12939.776 0.19976517
12940.183 0.19952549
12940.59 0.19928581
12940.997 0.19904556
12941.404 0.19880588
12941.811 0.1985662
12942.218 0.19832653
12942.625 0.19808686
12943.032 0.19784719
12943.438 0.19760751
12943.845 0.19736784
12944.252 0.1971286
12944.659 0.1969228
12945.066 0.19674797
12945.473 0.19657313
12945.88 0.1963983
12946.287 0.19622346
12946.694 0.19604863
12947.101 0.1958738
12947.508 0.19569897
12947.915 0.19552414
12948.321 0.1953493
12948.728 0.19517447
12949.135 0.19499963
12949.542 0.1948248
12949.949 0.19464997
12950.356 0.19447471
12950.763 0.19429987
12951.17 0.19412504
12951.577 0.19395021
12951.984 0.19377537
12952.391 0.19360055
12952.798 0.19342571
12953.204 0.19325088
12953.611 0.19307604
12954.018 0.19290121
12954.425 0.19272637
12954.832 0.19255154
12955.239 0.1923769
12955.646 0.19222088
12956.053 0.19213212
12956.46 0.19204336
12956.867 0.19195459
12957.274 0.19186582
12957.681 0.19177706
12958.087 0.19168829
12958.494 0.19159953
12958.901 0.19151075
12959.308 0.19142178
12959.715 0.19133301
12960.122 0.19124424
12960.529 0.19115548
12960.936 0.19106672
12961.343 0.19097794
12961.75 0.19088918
12962.157 0.19080041
12962.564 0.19071165
12962.97 0.19062289
12963.377 0.19053411
12963.784 0.19044535
12964.191 0.19035659
12964.598 0.19026782
12965.005 0.19017906
12965.412 0.19009029
12965.819 0.19000152
12966.226 0.18991276
12966.633 0.18982446
12967.04 0.18980515
12967.447 0.18979279
12967.854 0.18978044
12968.26 0.18976806
12968.667 0.18975571
12969.074 0.18974335
12969.481 0.18973099
12969.888 0.18971865
12970.295 0.18970629
12970.702 0.18969394
12971.109 0.18968158
12971.516 0.18966924
12971.923 0.18965688
12972.33 0.18964453
12972.737 0.18963217
12973.143 0.18961982
12973.55 0.18960747
12973.957 0.18959511
12974.364 0.18958276
12974.771 0.18957041
12975.178 0.18955806
12975.585 0.1895457
12975.992 0.18953335
12976.399 0.189521
12976.806 0.18950865
12977.213 0.18949629
12977.62 0.18948395
12978.026 0.18947911
12978.433 0.18947911
12978.84 0.18947911
12979.247 0.18947911
12979.654 0.18947911
12980.061 0.18947911
12980.468 0.18947911
12980.875 0.18947911
12981.282 0.18947911
12981.689 0.18947911
12982.096 0.18947911
12982.503 0.18947911
12982.909 0.18947911
12983.316 0.18947911
12983.723 0.18947911
12984.13 0.18947911
12984.537 0.18947911
12984.944 0.18947911
12985.351 0.18947911
12985.758 0.18947911
12986.165 0.18947911
12986.572 0.18947911
12986.979 0.18947911
12987.386 0.18947911
12987.792 0.18947911
12988.199 0.18947911
12988.606 0.18947911
12989.013 0.18947911
12989.42 0.18947911
12989.827 0.18947911
12990.234 0.18947911
12990.641 0.18947911
12991.048 0.18947911
12991.455 0.18947911
12991.862 0.18947911
12992.269 0.18947911
12992.675 0.18947911
12993.082 0.18947911
12993.489 0.18947911
12993.896 0.18947911
12994.303 0.18947911
12994.71 0.18947911
12995.117 0.18947911
12995.524 0.18947911
12995.931 0.18947911
12996.338 0.18947911
12996.745 0.18947911
12997.152 0.18947911
12997.558 0.18947911
12997.965 0.18947911
12998.372 0.18947911
12998.779 0.18947911
12999.186 0.18947911
12999.593 0.18947911
13000 0.18947911
