11800 0
11800.407 0
11800.814 0
11801.221 0
11801.628 0
11802.035 0
11802.442 0
11802.848 0
11803.255 0
11803.662 0
11804.069 0
11804.476 0
11804.883 0
11805.29 0
11805.697 0
11806.104 0
11806.511 0
11806.918 0
11807.325 0
11807.731 0
11808.138 0
11808.545 0
11808.952 0
11809.359 0
11809.766 0
11810.173 0
11810.58 0
11810.987 0
11811.394 0
11811.801 0
11812.208 0
11812.614 0
11813.021 0
11813.428 0
11813.835 0
11814.242 0
11814.649 0
11815.056 0
11815.463 0
11815.87 0
11816.277 0
11816.684 0
11817.091 0
11817.497 0
11817.904 0
11818.311 0
11818.718 0
11819.125 0
11819.532 1.0619808e-06
11819.939 1.0447168e-05
11820.346 1.9832354e-05
11820.753 2.9217541e-05
11821.16 3.8602728e-05
11821.567 5.0886461e-05
11821.974 7.9103158e-05
11822.38 0.00010731986
11822.787 0.00013553655
11823.194 0.00016375325
11823.601 0.00019564737
11824.008 0.00024275315
11824.415 0.00028985892
11824.822 0.0003369647
11825.229 0.00038407048
11825.636 0.0004357633
11826.043 0.00050235114
11826.45 0.00056893897
11826.857 0.0006355268
11827.263 0.00070211463
11827.67 0.00077594296
11828.077 0.00086874409
11828.484 0.00096154522
11828.891 0.0010543463
11829.298 0.0011471475
11829.705 0.0012472292
11830.112 0.0013629988
11830.519 0.0014787685
11830.926 0.0015945382
11831.333 0.0017103079
11831.74 0.0018309154
11832.146 0.0019602083
11832.553 0.0020895012
11832.96 0.002218794
11833.367 0.0023480869
11833.774 0.0024825068
11834.181 0.0026246649
11834.588 0.0027668231
11834.995 0.0029089813
11835.402 0.0030511395
11835.809 0.0031972393
11836.216 0.0033483707
11836.623 0.0034995021
11837.03 0.0036506335
11837.436 0.0038017648
11837.843 0.0039526755
11838.25 0.0041033472
11838.657 0.0042540189
11839.064 0.0044046906
11839.471 0.0045553623
11839.878 0.0046977091
11840.285 0.0048323961
11840.692 0.0049670831
11841.099 0.0051017701
11841.506 0.0052364572
11841.913 0.0053568623
11842.319 0.0054661172
11842.726 0.0055753722
11843.133 0.0056846271
11843.54 0.005793882
11843.947 0.0058881447
11844.354 0.0059725095
11844.761 0.0060568742
11845.168 0.006141239
11845.575 0.0062256037
11845.982 0.0062957022
11846.389 0.0063578834
11846.796 0.0064200646
11847.202 0.0064822458
11847.609 0.006544427
11848.016 0.0065886822
11848.423 0.0066246505
11848.83 0.0066606188
11849.237 0.0066965871
11849.644 0.0067325554
11850.051 0.0067518792
11850.458 0.0067648779
11850.865 0.0067778765
11851.272 0.0067908752
11851.679 0.0068038738
11852.085 0.0068065198
11852.492 0.0068059924
11852.899 0.006805465
11853.306 0.0068049377
11853.713 0.0068044103
11854.12 0.0067935085
11854.527 0.0067801122
11854.934 0.0067667159
11855.341 0.0067533196
11855.748 0.0067399232
11856.155 0.0067189246
11856.562 0.0066965519
11856.968 0.0066741791
11857.375 0.0066518064
11857.782 0.0066294337
11858.189 0.0066046092
11858.596 0.0065794745
11859.003 0.0065543399
11859.41 0.0065292052
11859.817 0.0065040706
11860.224 0.0064756286
11860.631 0.0064469318
11861.038 0.0064182351
11861.445 0.0063895383
11861.851 0.0063608415
11862.258 0.0063250845
11862.665 0.0062891032
11863.072 0.006253122
11863.479 0.0062171408
11863.886 0.0061810808
11864.293 0.0061372171
11864.7 0.0060933533
11865.107 0.0060494896
11865.514 0.0060056259
11865.921 0.0059610758
11866.328 0.0059036883
11866.734 0.0058463007
11867.141 0.0057889132
11867.548 0.0057315257
11867.955 0.0056725636
11868.362 0.0055979708
11868.769 0.005523378
11869.176 0.0054487851
11869.583 0.0053741923
11869.99 0.0052979963
11870.397 0.0052112837
11870.804 0.0051245711
11871.211 0.0050378586
11871.617 0.004951146
11872.024 0.004862981
11872.431 0.0047678752
11872.838 0.0046727693
11873.245 0.0045776635
11873.652 0.0044825577
11874.059 0.0043856574
11874.466 0.0042821587
11874.873 0.0041786601
11875.28 0.0040751615
11875.687 0.0039716629
11876.094 0.0038666238
11876.501 0.0037570741
11876.907 0.0036475244
11877.314 0.0035379747
11877.721 0.003428425
11878.128 0.0033192783
11878.535 0.0032110932
11878.942 0.003102908
11879.349 0.0029947229
11879.756 0.0028865378
11880.163 0.0027817679
11880.57 0.002683744
11880.977 0.0025857202
11881.384 0.0024876963
11881.79 0.0023896724
11882.197 0.0022968816
11882.604 0.0022127435
11883.011 0.0021286053
11883.418 0.0020444671
11883.825 0.0019603289
11884.232 0.0018819895
11884.639 0.0018117359
11885.046 0.0017414824
11885.453 0.0016712289
11885.86 0.0016009753
11886.267 0.0015381595
11886.673 0.0014841313
11887.08 0.0014301031
11887.487 0.0013760749
11887.894 0.0013220467
11888.301 0.0012766064
11888.708 0.0012397828
11889.115 0.0012029592
11889.522 0.0011661356
11889.929 0.0011293119
11890.336 0.001099033
11890.743 0.0010743308
11891.15 0.0010496286
11891.556 0.0010249264
11891.963 0.0010002242
11892.37 0.0009803972
11892.777 0.00096409043
11893.184 0.00094778367
11893.591 0.00093147691
11893.998 0.00091517015
11894.405 0.00090408046
11894.812 0.00089616856
11895.219 0.00088825666
11895.626 0.00088034476
11896.033 0.00087243286
11896.439 0.00086852988
11896.846 0.00086667168
11897.253 0.00086481348
11897.66 0.00086295529
11898.067 0.00086109709
11898.474 0.00086054461
11898.881 0.00086054378
11899.288 0.00086054295
11899.695 0.00086054212
11900.102 0.00086054129
11900.509 0.00086054031
11900.916 0.00086053928
11901.322 0.00086053824
11901.729 0.00086053721
11902.136 0.00086053617
11902.543 0.00086053514
11902.95 0.0008605341
11903.357 0.00086053306
11903.764 0.00086053203
11904.171 0.00086053099
11904.578 0.00086053038
11904.985 0.00086052987
11905.392 0.00086052935
11905.799 0.00086052884
11906.205 0.00086052832
11906.612 0.00086052825
11907.019 0.00086052825
11907.426 0.00086052825
11907.833 0.00086052825
11908.24 0.00086052825
11908.647 0.00086052778
11909.054 0.00086052726
11909.461 0.00086052674
11909.868 0.00086052623
11910.275 0.00086052571
11910.682 0.0008605247
11911.089 0.00086052367
11911.495 0.00086052263
11911.902 0.0008605216
11912.309 0.00086052056
11912.716 0.00086051953
11913.123 0.00086051849
11913.53 0.00086051746
11913.937 0.00086051642
11914.344 0.0008605154
11914.751 0.00086051489
11915.158 0.00086051437
11915.565 0.00086051385
11915.972 0.00086051333
11916.378 0.00086051285
11916.785 0.00086051285
11917.192 0.00086051285
11917.599 0.00086051285
11918.006 0.00086051285
11918.413 0.00086051291
11918.82 0.00086051343
11919.227 0.00086051394
11919.634 0.00086051446
11920.041 0.00086051498
11920.448 0.00086051558
11920.855 0.00086051661
11921.261 0.00086051765
11921.668 0.00086051868
11922.075 0.00086051971
11922.482 0.00086052075
11922.889 0.00086052178
11923.296 0.00086052282
11923.703 0.00086052385
11924.11 0.00086052489
11924.517 0.0008605258
11924.924 0.00086052632
11925.331 0.00086052684
11925.738 0.00086052736
11926.144 0.00086052787
11926.551 0.00086052839
11926.958 0.00086052891
11927.365 0.00086052942
11927.772 0.00086052994
11928.179 0.00086053046
11928.586 0.00086053097
11928.993 0.00086053149
11929.4 0.00086053201
11929.807 0.00086053253
11930.214 0.00086053305
11930.621 0.00086053375
11931.027 0.00086053478
11931.434 0.00086053582
11931.841 0.00086053685
11932.248 0.00086053789
11932.655 0.00086053872
11933.062 0.00086053923
11933.469 0.00086053975
11933.876 0.00086054027
11934.283 0.00086054079
11934.69 0.00086054131
11935.097 0.00086054182
11935.504 0.00086054234
11935.91 0.00086054285
11936.317 0.00086054337
11936.724 0.00085530173
11937.131 0.00084432447
11937.538 0.00083334721
11937.945 0.00082236996
11938.352 0.0008113927
11938.759 0.00078060728
11939.166 0.0007314117
11939.573 0.00068221612
11939.98 0.00063302055
11940.387 0.00058382497
11940.793 0.00050416573
11941.2 0.0004004788
11941.607 0.00029679187
11942.014 0.00019310493
11942.421 8.9418001e-05
11942.828 -4.6955455e-05
11943.235 -0.00020513627
11943.642 -0.00036331709
11944.049 -0.00052149791
11944.456 -0.00067967873
11944.863 -0.00087174346
11945.27 -0.0010828195
11945.677 -0.0012938956
11946.083 -0.0015049717
11946.49 -0.0017160478
11946.897 -0.0019534885
11947.304 -0.0022032594
11947.711 -0.0024530302
11948.118 -0.002702801
11948.525 -0.0029525718
11948.932 -0.0032094382
11949.339 -0.0034690351
11949.746 -0.0037286319
11950.153 -0.0039882288
11950.56 -0.0042478257
11950.966 -0.0045025039
11951.373 -0.0047556533
11951.78 -0.0050088027
11952.187 -0.0052619521
11952.594 -0.0055151015
11953.001 -0.0057477276
11953.408 -0.0059753393
11953.815 -0.0062029511
11954.222 -0.0064305628
11954.629 -0.0066581745
11955.036 -0.0068384339
11955.443 -0.0070099683
11955.849 -0.0071815026
11956.256 -0.007353037
11956.663 -0.0075245714
11957.07 -0.0076275972
11957.477 -0.0077217361
11957.884 -0.007815875
11958.291 -0.007910014
11958.698 -0.0080041529
11959.105 -0.0080030346
11959.512 -0.0079942973
11959.919 -0.0079855599
11960.326 -0.0079768226
11960.732 -0.0079680853
11961.139 -0.0078441059
11961.546 -0.0077161573
11961.953 -0.0075882087
11962.36 -0.0074602602
11962.767 -0.007331319
11963.174 -0.0071033826
11963.581 -0.0068754462
11963.988 -0.0066475097
11964.395 -0.0064195733
11964.802 -0.0061882766
11965.209 -0.0058940515
11965.615 -0.0055998264
11966.022 -0.0053056012
11966.429 -0.0050113761
11966.836 -0.0047136331
11967.243 -0.0043809435
11967.65 -0.0040482538
11968.057 -0.0037155641
11968.464 -0.0033828744
11968.871 -0.0030488898
11969.278 -0.0027064062
11969.685 -0.0023639226
11970.092 -0.0020214391
11970.498 -0.0016789555
11970.905 -0.0013375904
11971.312 -0.0010015724
11971.719 -0.00066555435
11972.126 -0.00032953633
11972.533 6.4816927e-06
11972.94 0.0003370343
11973.347 0.00064748342
11973.754 0.00095793255
11974.161 0.0012683817
11974.568 0.0015788308
11974.975 0.0018749601
11975.381 0.0021291464
11975.788 0.0023833328
11976.195 0.0026375191
11976.602 0.0028917054
11977.009 0.0031263326
11977.416 0.0033142799
11977.823 0.0035022273
11978.23 0.0036901746
11978.637 0.003878122
11979.044 0.0040443553
11979.451 0.0041676866
11979.858 0.0042910179
11980.264 0.0044143492
11980.671 0.0045376806
11981.078 0.0046366649
11981.485 0.0046953834
11981.892 0.0047541018
11982.299 0.0048128202
11982.706 0.0048715387
11983.113 0.0049112546
11983.52 0.0049244666
11983.927 0.0049376785
11984.334 0.0049508905
11984.741 0.0049641024
11985.148 0.0049718209
11985.554 0.0049730473
11985.961 0.0049742738
11986.368 0.0049755002
11986.775 0.0049767266
11987.182 0.004979193
11987.589 0.0049829038
11987.996 0.0049866146
11988.403 0.0049903254
11988.81 0.0049940362
11989.217 0.00499911
11989.624 0.0050053456
11990.031 0.0050115811
11990.437 0.0050178167
11990.844 0.0050240522
11991.251 0.0050319651
11991.658 0.0050410894
11992.065 0.0050502137
11992.472 0.005059338
11992.879 0.0050684623
11993.286 0.0050831137
11993.693 0.0051011326
11994.1 0.0051191515
11994.507 0.0051371704
11994.914 0.0051551893
11995.32 0.0051820241
11995.727 0.0052133566
11996.134 0.0052446892
11996.541 0.0052760217
11996.948 0.0053073542
11997.355 0.0053471584
11997.762 0.0053905428
11998.169 0.0054339272
11998.576 0.0054773117
11998.983 0.0055206961
11999.39 0.0055734118
11999.797 0.0056293433
12000.203 0.0056852749
12000.61 0.0057412064
12001.017 0.005797138
12001.424 0.0058653363
12001.831 0.0059369051
12002.238 0.0060084738
12002.645 0.0060800426
12003.052 0.0061516113
12003.459 0.0062335336
12003.866 0.0063176486
12004.273 0.0064017636
12004.68 0.0064858786
12005.086 0.0065699936
12005.493 0.0066590339
12005.9 0.0067488363
12006.307 0.0068386388
12006.714 0.0069284412
12007.121 0.0070182437
12007.528 0.0071157177
12007.935 0.0072139806
12008.342 0.0073122435
12008.749 0.0074105063
12009.156 0.0075087692
12009.563 0.0076298727
12009.969 0.0077522412
12010.376 0.0078746097
12010.783 0.0079969782
12011.19 0.0081193468
12011.597 0.0082738049
12012.004 0.0084286434
12012.411 0.0085834818
12012.818 0.0087383203
12013.225 0.0088938428
12013.632 0.0090722279
12014.039 0.0092506129
12014.446 0.0094289979
12014.852 0.009607383
12015.259 0.0097879357
12015.666 0.0099973687
12016.073 0.010206802
12016.48 0.010416235
12016.887 0.010625668
12017.294 0.010842073
12017.701 0.011114559
12018.108 0.011387045
12018.515 0.01165953
12018.922 0.011932016
12019.329 0.012214973
12019.736 0.012556647
12020.142 0.01289832
12020.549 0.013239993
12020.956 0.013581666
12021.363 0.013933698
12021.77 0.01432929
12022.177 0.014724883
12022.584 0.015120475
12022.991 0.015516067
12023.398 0.015932957
12023.805 0.016420002
12024.212 0.016907047
12024.619 0.017394091
12025.025 0.017881136
12025.432 0.018413058
12025.839 0.019064099
12026.246 0.019715141
12026.653 0.020366183
12027.06 0.021017225
12027.467 0.02172158
12027.874 0.02254219
12028.281 0.0233628
12028.688 0.024183409
12029.095 0.025004019
12029.502 0.025871167
12029.908 0.026822808
12030.315 0.027774448
12030.722 0.028726088
12031.129 0.029677728
12031.536 0.03067711
12031.943 0.031749328
12032.35 0.032821547
12032.757 0.033893766
12033.164 0.034965985
12033.571 0.03607568
12033.978 0.037233717
12034.385 0.038391753
12034.791 0.039549789
12035.198 0.040707825
12035.605 0.041862784
12036.012 0.043014373
12036.419 0.044165963
12036.826 0.045317552
12037.233 0.046469142
12037.64 0.047578458
12038.047 0.048648475
12038.454 0.049718492
12038.861 0.050788509
12039.268 0.051858527
12039.674 0.052878745
12040.081 0.053859676
12040.488 0.054840607
12040.895 0.055821538
12041.302 0.056802469
12041.709 0.057737457
12042.116 0.058641788
12042.523 0.059546118
12042.93 0.060450449
12043.337 0.061354779
12043.744 0.062189712
12044.151 0.062985699
12044.557 0.063781686
12044.964 0.064577673
12045.371 0.06537366
12045.778 0.066051309
12046.185 0.0666736
12046.592 0.067295891
12046.999 0.067918182
12047.406 0.068540473
12047.813 0.069184355
12048.22 0.069836548
12048.627 0.070488741
12049.034 0.071140934
12049.44 0.071793127
12049.847 0.072712594
12050.254 0.073715162
12050.661 0.074717731
12051.068 0.075720299
12051.475 0.076722868
12051.882 0.078076708
12052.289 0.079516405
12052.696 0.080956103
12053.103 0.0823958
12053.51 0.083835498
12053.917 0.085676534
12054.323 0.087591554
12054.73 0.089506573
12055.137 0.091421592
12055.544 0.093336612
12055.951 0.095662413
12056.358 0.098041531
12056.765 0.10042065
12057.172 0.10279977
12057.579 0.10517889
12057.986 0.10772712
12058.393 0.1102889
12058.8 0.11285068
12059.207 0.11541245
12059.613 0.11797423
12060.02 0.12040614
12060.427 0.12283358
12060.834 0.12526101
12061.241 0.12768845
12061.648 0.13011427
12062.055 0.13232346
12062.462 0.13453266
12062.869 0.13674185
12063.276 0.13895105
12063.683 0.14116033
12064.09 0.14337129
12064.496 0.14558225
12064.903 0.14779321
12065.31 0.15000418
12065.717 0.15224514
12066.124 0.15479341
12066.531 0.15734168
12066.938 0.15988996
12067.345 0.16243823
12067.752 0.16502019
12068.159 0.16782817
12068.566 0.17063614
12068.973 0.17344412
12069.379 0.1762521
12069.786 0.17905722
12070.193 0.18184842
12070.6 0.18463962
12071.007 0.18743082
12071.414 0.19022202
12071.821 0.19299544
12072.228 0.19570249
12072.635 0.19840954
12073.042 0.20111659
12073.449 0.20382363
12073.856 0.20645768
12074.262 0.20887506
12074.669 0.21129243
12075.076 0.21370981
12075.483 0.21612718
12075.89 0.21841466
12076.297 0.22038835
12076.704 0.22236203
12077.111 0.22433572
12077.518 0.2263094
12077.925 0.22822549
12078.332 0.2300265
12078.739 0.23182751
12079.145 0.23362851
12079.552 0.23542952
12079.959 0.23715848
12080.366 0.238767
12080.773 0.24037552
12081.18 0.24198404
12081.587 0.24359256
12081.994 0.24502165
12082.401 0.24619786
12082.808 0.24737406
12083.215 0.24855027
12083.622 0.24972648
12084.028 0.25059606
12084.435 0.25109957
12084.842 0.25160308
12085.249 0.25210659
12085.656 0.25261011
12086.063 0.25260749
12086.47 0.25209181
12086.877 0.25157612
12087.284 0.25106043
12087.691 0.25054475
12088.098 0.24939871
12088.505 0.24770998
12088.911 0.24602124
12089.318 0.2443325
12089.725 0.24264376
12090.132 0.24043634
12090.539 0.23785042
12090.946 0.2352645
12091.353 0.23267859
12091.76 0.23009267
12092.167 0.22712978
12092.574 0.22393475
12092.981 0.22073972
12093.388 0.21754469
12093.795 0.21434966
12094.201 0.21087569
12094.608 0.2072578
12095.015 0.20363991
12095.422 0.20002202
12095.829 0.19640414
12096.236 0.19262212
12096.643 0.1887699
12097.05 0.18491768
12097.457 0.18106546
12097.864 0.17721324
12098.271 0.17322974
12098.678 0.16920038
12099.084 0.16517103
12099.491 0.16114168
12099.898 0.15711233
12100.305 0.15324032
12100.712 0.14941218
12101.119 0.14558404
12101.526 0.14175591
12101.933 0.13792777
12102.34 0.13444452
12102.747 0.13103558
12103.154 0.12762665
12103.561 0.12421771
12103.967 0.12080878
12104.374 0.11755089
12104.781 0.1143169
12105.188 0.1110829
12105.595 0.1078489
12106.002 0.1046149
12106.409 0.10144925
12106.816 0.098290849
12107.223 0.095132443
12107.63 0.091974037
12108.037 0.088815631
12108.444 0.08579099
12108.85 0.082774134
12109.257 0.079757278
12109.664 0.076740422
12110.071 0.073723566
12110.478 0.070493136
12110.885 0.067259622
12111.292 0.064026109
12111.699 0.060792596
12112.106 0.057544561
12112.513 0.053763819
12112.92 0.049983078
12113.327 0.046202337
12113.733 0.042421596
12114.14 0.03861953
12114.547 0.034521944
12114.954 0.030424359
12115.361 0.026326773
12115.768 0.022229187
12116.175 0.018122461
12116.582 0.013940298
12116.989 0.0097581343
12117.396 0.0055759709
12117.803 0.0013938075
12118.21 -0.0028188648
12118.616 -0.007206016
12119.023 -0.011593167
12119.43 -0.015980318
12119.837 -0.02036747
12120.244 -0.024829264
12120.651 -0.029610109
12121.058 -0.034390954
12121.465 -0.039171799
12121.872 -0.043952644
12122.279 -0.048790897
12122.686 -0.053820945
12123.093 -0.058850993
12123.499 -0.063881042
12123.906 -0.06891109
12124.313 -0.073918954
12124.72 -0.078867178
12125.127 -0.083815403
12125.534 -0.088763628
12125.941 -0.093711852
12126.348 -0.098587662
12126.755 -0.1033037
12127.162 -0.10801975
12127.569 -0.11273579
12127.976 -0.11745183
12128.383 -0.1220389
12128.789 -0.12638921
12129.196 -0.13073952
12129.603 -0.13508984
12130.01 -0.13944015
12130.417 -0.14353165
12130.824 -0.14722412
12131.231 -0.15091658
12131.638 -0.15460905
12132.045 -0.15830152
12132.452 -0.16165797
12132.859 -0.16457654
12133.266 -0.1674951
12133.672 -0.17041367
12134.079 -0.17333224
12134.486 -0.17595744
12134.893 -0.17825831
12135.3 -0.18055918
12135.707 -0.18286005
12136.114 -0.18516093
12136.521 -0.18721703
12136.928 -0.18904328
12137.335 -0.19086954
12137.742 -0.19269579
12138.149 -0.19452204
12138.555 -0.19604351
12138.962 -0.19732205
12139.369 -0.1986006
12139.776 -0.19987914
12140.183 -0.20115768
12140.59 -0.20203362
12140.997 -0.20263806
12141.404 -0.2032425
12141.811 -0.20384693
12142.218 -0.20445137
12142.625 -0.20461643
12143.032 -0.20453219
12143.438 -0.20444795
12143.845 -0.20436372
12144.252 -0.20427948
12144.659 -0.20376927
12145.066 -0.20305747
12145.473 -0.20234568
12145.88 -0.20163388
12146.287 -0.20092209
12146.694 -0.19983467
12147.101 -0.19860085
12147.508 -0.19736702
12147.915 -0.1961332
12148.321 -0.19489938
12148.728 -0.19342037
12149.135 -0.19186407
12149.542 -0.19030777
12149.949 -0.18875147
12150.356 -0.18719517
12150.763 -0.18547104
12151.17 -0.18370523
12151.577 -0.18193942
12151.984 -0.18017361
12152.391 -0.1784078
12152.798 -0.17648186
12153.204 -0.17452584
12153.611 -0.17256981
12154.018 -0.17061379
12154.425 -0.16865777
12154.832 -0.16663205
12155.239 -0.16459705
12155.646 -0.16256206
12156.053 -0.16052706
12156.46 -0.15849207
12156.867 -0.15642317
12157.274 -0.15435146
12157.681 -0.15227974
12158.087 -0.15020803
12158.494 -0.14813632
12158.901 -0.14599455
12159.308 -0.14385018
12159.715 -0.1417058
12160.122 -0.13956143
12160.529 -0.13741722
12160.936 -0.13530516
12161.343 -0.13319311
12161.75 -0.13108106
12162.157 -0.128969
12162.564 -0.1268666
12162.97 -0.124966
12163.377 -0.12306539
12163.784 -0.12116478
12164.191 -0.11926417
12164.598 -0.11738175
12165.005 -0.11569156
12165.412 -0.11400137
12165.819 -0.11231117
12166.226 -0.11062098
12166.633 -0.10893282
12167.04 -0.10725855
12167.447 -0.10558429
12167.854 -0.10391003
12168.26 -0.10223577
12168.667 -0.1005405
12169.074 -0.098741207
12169.481 -0.09694191
12169.888 -0.095142613
12170.295 -0.093343315
12170.702 -0.091540726
12171.109 -0.089725655
12171.516 -0.087910585
12171.923 -0.086095514
12172.33 -0.084280443
12172.737 -0.082467891
12173.143 -0.080662915
12173.55 -0.07885794
12173.957 -0.077052964
12174.364 -0.075247988
12174.771 -0.073374153
12175.178 -0.07133194
12175.585 -0.069289727
12175.992 -0.067247513
12176.399 -0.0652053
12176.806 -0.063070689
12177.213 -0.060749342
12177.62 -0.058427995
12178.026 -0.056106648
12178.433 -0.053785301
12178.84 -0.051399096
12179.247 -0.048903297
12179.654 -0.046407499
12180.061 -0.0439117
12180.468 -0.041415902
12180.875 -0.038785316
12181.282 -0.035962797
12181.689 -0.033140278
12182.096 -0.030317759
12182.503 -0.02749524
12182.909 -0.024451698
12183.316 -0.021141606
12183.723 -0.017831514
12184.13 -0.014521422
12184.537 -0.01121133
12184.944 -0.0077400496
12185.351 -0.0041037157
12185.758 -0.00046738171
12186.165 0.0031689522
12186.572 0.0068052862
12186.979 0.010459625
12187.386 0.014129622
12187.792 0.01779962
12188.199 0.021469617
12188.606 0.025139615
12189.013 0.028809641
12189.42 0.032479689
12189.827 0.036149737
12190.234 0.039819785
12190.641 0.043489833
12191.048 0.047272894
12191.455 0.051126293
12191.862 0.054979693
12192.269 0.058833092
12192.675 0.062686492
12193.082 0.066661103
12193.489 0.070698958
12193.896 0.074736812
12194.303 0.078774666
12194.71 0.08281252
12195.117 0.086806532
12195.524 0.090781565
12195.931 0.094756598
12196.338 0.098731631
12196.745 0.10270666
12197.152 0.10686737
12197.558 0.11109377
12197.965 0.11532017
12198.372 0.11954657
12198.779 0.12377296
12199.186 0.12875028
12199.593 0.13394009
12200 0.1391299
12200.407 0.14431972
12200.814 0.14950953
12201.221 0.15557006
12201.628 0.16182146
12202.035 0.16807286
12202.442 0.17432427
12202.848 0.18057567
12203.255 0.18759996
12203.662 0.19474907
12204.069 0.20189817
12204.476 0.20904727
12204.883 0.21619638
12205.29 0.22420055
12205.697 0.23229792
12206.104 0.24039528
12206.511 0.24849264
12206.918 0.25659
12207.325 0.26524703
12207.731 0.2739382
12208.138 0.28262937
12208.545 0.29132054
12208.952 0.30001172
12209.359 0.30845572
12209.766 0.31689551
12210.173 0.3253353
12210.58 0.33377509
12210.987 0.34219602
12211.394 0.34985099
12211.801 0.35750596
12212.208 0.36516092
12212.614 0.37281589
12213.021 0.38042973
12213.428 0.38744993
12213.835 0.39447012
12214.242 0.40149032
12214.649 0.40851051
12215.056 0.41551047
12215.463 0.4223389
12215.87 0.42916733
12216.277 0.43599576
12216.684 0.44282419
12217.091 0.44961179
12217.497 0.45616114
12217.904 0.4627105
12218.311 0.46925986
12218.718 0.47580922
12219.125 0.48220728
12219.532 0.48794793
12219.939 0.49368858
12220.346 0.49942922
12220.753 0.50516987
12221.16 0.51069335
12221.567 0.51548091
12221.974 0.52026847
12222.38 0.52505602
12222.787 0.52984358
12223.194 0.53434963
12223.601 0.53808917
12224.008 0.54182871
12224.415 0.54556825
12224.822 0.54930779
12225.229 0.55266454
12225.636 0.55516677
12226.043 0.55766901
12226.45 0.56017125
12226.857 0.56267348
12227.263 0.56489243
12227.67 0.5665856
12228.077 0.56827876
12228.484 0.56997193
12228.891 0.5716651
12229.298 0.57323976
12229.705 0.57462977
12230.112 0.57601978
12230.519 0.57740979
12230.926 0.5787998
12231.333 0.58009223
12231.74 0.58125619
12232.146 0.58242016
12232.553 0.58358412
12232.96 0.58474809
12233.367 0.58570818
12233.774 0.58644063
12234.181 0.58717308
12234.588 0.58790552
12234.995 0.58863797
12235.402 0.58895308
12235.809 0.58887234
12236.216 0.58879159
12236.623 0.58871085
12237.03 0.5886301
12237.436 0.58760211
12237.843 0.58581143
12238.25 0.58402074
12238.657 0.58223006
12239.064 0.58043938
12239.471 0.57734925
12239.878 0.57337364
12240.285 0.56939803
12240.692 0.56542242
12241.099 0.56144681
12241.506 0.55626536
12241.913 0.55039227
12242.319 0.54451918
12242.726 0.5386461
12243.133 0.53277301
12243.54 0.52577899
12243.947 0.51824838
12244.354 0.51071776
12244.761 0.50318714
12245.168 0.49565652
12245.575 0.48695358
12245.982 0.47778799
12246.389 0.4686224
12246.796 0.45945681
12247.202 0.45029121
12247.609 0.44024702
12248.016 0.429922
12248.423 0.41959698
12248.83 0.40927197
12249.237 0.39894695
12249.644 0.38842009
12250.051 0.37784231
12250.458 0.36726453
12250.865 0.35668675
12251.272 0.34610897
12251.679 0.33550035
12252.085 0.32488583
12252.492 0.3142713
12252.899 0.30365678
12253.306 0.29304225
12253.713 0.2820554
12254.12 0.27101782
12254.527 0.25998025
12254.934 0.24894267
12255.341 0.23790509
12255.748 0.22640114
12256.155 0.2148571
12256.562 0.20331307
12256.968 0.19176903
12257.375 0.180225
12257.782 0.16904861
12258.189 0.1578869
12258.596 0.14672518
12259.003 0.13556347
12259.41 0.12440358
12259.817 0.11400512
12260.224 0.10360666
12260.631 0.093208199
12261.038 0.08280974
12261.445 0.072431253
12261.851 0.062495655
12262.258 0.052560057
12262.665 0.042624459
12263.072 0.032688861
12263.479 0.022819085
12263.886 0.013667902
12264.293 0.0045167185
12264.7 -0.0046344649
12265.107 -0.013785648
12265.514 -0.022762366
12265.921 -0.030514216
12266.328 -0.038266065
12266.734 -0.046017914
12267.141 -0.053769764
12267.548 -0.061342324
12267.955 -0.068010476
12268.362 -0.074678628
12268.769 -0.08134678
12269.176 -0.088014932
12269.583 -0.0945474
12269.99 -0.10055756
12270.397 -0.10656771
12270.804 -0.11257787
12271.211 -0.11858803
12271.617 -0.12436602
12272.024 -0.12943614
12272.431 -0.13450625
12272.838 -0.13957637
12273.245 -0.14464649
12273.652 -0.14931114
12274.059 -0.15297211
12274.466 -0.15663308
12274.873 -0.16029405
12275.28 -0.16395502
12275.687 -0.16713408
12276.094 -0.16932805
12276.501 -0.17152202
12276.907 -0.17371599
12277.314 -0.17590996
12277.721 -0.17769785
12278.128 -0.17879214
12278.535 -0.17988643
12278.942 -0.18098071
12279.349 -0.182075
12279.756 -0.18280249
12280.163 -0.18300223
12280.57 -0.18320197
12280.977 -0.1834017
12281.384 -0.18360144
12281.79 -0.18344316
12282.197 -0.18284871
12282.604 -0.18225426
12283.011 -0.18165981
12283.418 -0.18106536
12283.825 -0.18018994
12284.232 -0.17902391
12284.639 -0.17785788
12285.046 -0.17669184
12285.453 -0.17552581
12285.86 -0.17411465
12286.267 -0.17248814
12286.673 -0.17086163
12287.08 -0.16923511
12287.487 -0.1676086
12287.894 -0.16567622
12288.301 -0.163516
12288.708 -0.16135577
12289.115 -0.15919555
12289.522 -0.15703532
12289.929 -0.15467371
12290.336 -0.1521854
12290.743 -0.14969709
12291.15 -0.14720879
12291.556 -0.14472048
12291.963 -0.1421655
12292.37 -0.13957533
12292.777 -0.13698516
12293.184 -0.134395
12293.591 -0.13180483
12293.998 -0.12926765
12294.405 -0.12675369
12294.812 -0.12423972
12295.219 -0.12172576
12295.626 -0.11921179
12296.033 -0.11689454
12296.439 -0.11464779
12296.846 -0.11240105
12297.253 -0.1101543
12297.66 -0.10790755
12298.067 -0.10585542
12298.474 -0.10385918
12298.881 -0.10186293
12299.288 -0.099866685
12299.695 -0.09787044
12300.102 -0.095851338
12300.509 -0.093827141
12300.916 -0.091802944
12301.322 -0.089778746
12301.729 -0.087754549
12302.136 -0.085541006
12302.543 -0.08329624
12302.95 -0.081051474
12303.357 -0.078806709
12303.764 -0.076561943
12304.171 -0.07421688
12304.578 -0.071860576
12304.985 -0.069504271
12305.392 -0.067147967
12305.799 -0.064791662
12306.205 -0.062555785
12306.612 -0.060327598
12307.019 -0.05809941
12307.426 -0.055871223
12307.833 -0.053643035
12308.24 -0.051677551
12308.647 -0.049717226
12309.054 -0.0477569
12309.461 -0.045796574
12309.868 -0.043843447
12310.275 -0.042217821
12310.682 -0.040592195
12311.089 -0.038966568
12311.495 -0.037340942
12311.902 -0.035740679
12312.309 -0.034522345
12312.716 -0.033304012
12313.123 -0.032085678
12313.53 -0.030867344
12313.937 -0.029682197
12314.344 -0.02878595
12314.751 -0.027889703
12315.158 -0.026993456
12315.565 -0.026097209
12315.972 -0.025213528
12316.378 -0.024404665
12316.785 -0.023595802
12317.192 -0.02278694
12317.599 -0.021978077
12318.006 -0.021163042
12318.413 -0.02032074
12318.82 -0.019478438
12319.227 -0.018636136
12319.634 -0.017793834
12320.041 -0.016955707
12320.448 -0.016131934
12320.855 -0.015308162
12321.261 -0.014484389
12321.668 -0.013660616
12322.075 -0.012857631
12322.482 -0.012111978
12322.889 -0.011366326
12323.296 -0.010620674
12323.703 -0.0098750214
12324.11 -0.0091396406
12324.517 -0.0084274612
12324.924 -0.0077152817
12325.331 -0.0070031023
12325.738 -0.0062909228
12326.144 -0.0055794679
12326.551 -0.0048693726
12326.958 -0.0041592774
12327.365 -0.0034491822
12327.772 -0.002739087
12328.179 -0.0020419164
12328.586 -0.0013650985
12328.993 -0.00068828061
12329.4 -1.1462716e-05
12329.807 0.00066535518
12330.214 0.001351038
12330.621 0.0020485124
12331.027 0.0027459868
12331.434 0.0034434613
12331.841 0.0041409357
12332.248 0.0049464772
12332.655 0.0058739194
12333.062 0.0068013615
12333.469 0.0077288037
12333.876 0.0086562459
12334.283 0.0097509307
12334.69 0.011005858
12335.097 0.012260786
12335.504 0.013515713
12335.91 0.01477064
12336.317 0.016165117
12336.724 0.017673102
12337.131 0.019181087
12337.538 0.020689072
12337.945 0.022197057
12338.352 0.023850327
12338.759 0.025603636
12339.166 0.027356945
12339.573 0.029110254
12339.98 0.030863563
12340.387 0.032808457
12340.793 0.034864438
12341.2 0.036920418
12341.607 0.038976398
12342.014 0.041032378
12342.421 0.043232373
12342.828 0.045502105
12343.235 0.047771838
12343.642 0.05004157
12344.049 0.052311302
12344.456 0.054604278
12344.863 0.05690654
12345.27 0.059208803
12345.677 0.061511066
12346.083 0.063813329
12346.49 0.066149692
12346.897 0.068497104
12347.304 0.070844517
12347.711 0.073191929
12348.118 0.075539342
12348.525 0.078034248
12348.932 0.080566944
12349.339 0.08309964
12349.746 0.085632337
12350.153 0.088165033
12350.56 0.090865281
12350.966 0.093598204
12351.373 0.096331128
12351.78 0.099064051
12352.187 0.10179698
12352.594 0.10453203
12353.001 0.10726739
12353.408 0.11000274
12353.815 0.1127381
12354.222 0.11547346
12354.629 0.11814175
12355.036 0.12080428
12355.443 0.1234668
12355.849 0.12612933
12356.256 0.12879185
12356.663 0.1314125
12357.07 0.13403147
12357.477 0.13665044
12357.884 0.13926942
12358.291 0.14188799
12358.698 0.1443335
12359.105 0.14677901
12359.512 0.14922452
12359.919 0.15167003
12360.326 0.15410168
12360.732 0.15622553
12361.139 0.15834938
12361.546 0.16047323
12361.953 0.16259708
12362.36 0.16471198
12362.767 0.1667292
12363.174 0.16874641
12363.581 0.17076363
12363.988 0.17278084
12364.395 0.17483288
12364.802 0.17712951
12365.209 0.17942615
12365.615 0.18172279
12366.022 0.18401942
12366.429 0.18637597
12366.836 0.18903486
12367.243 0.19169374
12367.65 0.19435263
12368.057 0.19701151
12368.464 0.19971861
12368.871 0.20261133
12369.278 0.20550405
12369.685 0.20839678
12370.092 0.2112895
12370.498 0.21424749
12370.905 0.21740455
12371.312 0.22056161
12371.719 0.22371867
12372.126 0.22687572
12372.533 0.23011678
12372.94 0.23356583
12373.347 0.23701488
12373.754 0.24046393
12374.161 0.24391297
12374.568 0.24738339
12374.975 0.25089749
12375.381 0.25441159
12375.788 0.2579257
12376.195 0.2614398
12376.602 0.26493475
12377.009 0.26839697
12377.416 0.2718592
12377.823 0.27532142
12378.23 0.27878365
12378.637 0.28212266
12379.044 0.28528435
12379.451 0.28844604
12379.858 0.29160772
12380.264 0.29476941
12380.671 0.29756203
12381.078 0.29990492
12381.485 0.3022478
12381.892 0.30459069
12382.299 0.30693357
12382.706 0.30867255
12383.113 0.30978673
12383.52 0.31090092
12383.927 0.31201511
12384.334 0.31312929
12384.741 0.31343077
12385.148 0.31301808
12385.554 0.31260539
12385.961 0.3121927
12386.368 0.31178
12386.775 0.31037326
12387.182 0.30822585
12387.589 0.30607844
12387.996 0.30393104
12388.403 0.30178363
12388.81 0.29873369
12389.217 0.29511588
12389.624 0.29149807
12390.031 0.28788027
12390.437 0.28426246
12390.844 0.279991
12391.251 0.27537458
12391.658 0.27075816
12392.065 0.26614175
12392.472 0.26152533
12392.879 0.25636323
12393.286 0.25096203
12393.693 0.24556083
12394.1 0.24015963
12394.507 0.23475842
12394.914 0.22888938
12395.32 0.2228526
12395.727 0.21681582
12396.134 0.21077904
12396.541 0.20474227
12396.948 0.19832171
12397.355 0.19179092
12397.762 0.18526013
12398.169 0.17872933
12398.576 0.17219854
12398.983 0.16564975
12399.39 0.15909695
12399.797 0.15254415
12400.203 0.14599135
12400.61 0.13943854
12401.017 0.13341565
12401.424 0.12748018
12401.831 0.12154471
12402.238 0.11560923
12402.645 0.10967376
12403.052 0.10434268
12403.459 0.099079372
12403.866 0.09381607
12404.273 0.088552767
12404.68 0.083289464
12405.086 0.078536113
12405.493 0.073815359
12405.9 0.069094604
12406.307 0.064373849
12406.714 0.059653094
12407.121 0.055619094
12407.528 0.05159862
12407.935 0.047578145
12408.342 0.043557671
12408.749 0.039547038
12409.156 0.035985369
12409.563 0.0324237
12409.969 0.02886203
12410.376 0.025300361
12410.783 0.02173415
12411.19 0.018099484
12411.597 0.014464817
12412.004 0.01083015
12412.411 0.0071954836
12412.818 0.0035573315
12413.225 -0.00011118064
12413.632 -0.0037796928
12414.039 -0.007448205
12414.446 -0.011116717
12414.852 -0.014744935
12415.259 -0.018133129
12415.666 -0.021521323
12416.073 -0.024909517
12416.48 -0.028297712
12416.887 -0.031640659
12417.294 -0.034783629
12417.701 -0.037926598
12418.108 -0.041069568
12418.515 -0.044212537
12418.922 -0.047398242
12419.329 -0.050730914
12419.736 -0.054063586
12420.142 -0.057396258
12420.549 -0.06072893
12420.956 -0.064194913
12421.363 -0.06802868
12421.77 -0.071862447
12422.177 -0.075696214
12422.584 -0.079529981
12422.991 -0.083445667
12423.398 -0.087546441
12423.805 -0.091647215
12424.212 -0.095747988
12424.619 -0.099848762
12425.025 -0.10396405
12425.432 -0.10810659
12425.839 -0.11224912
12426.246 -0.11639166
12426.653 -0.1205342
12427.06 -0.12461203
12427.467 -0.12858794
12427.874 -0.13256385
12428.281 -0.13653977
12428.688 -0.14051568
12429.095 -0.14420516
12429.502 -0.14751356
12429.908 -0.15082195
12430.315 -0.15413035
12430.722 -0.15743874
12431.129 -0.16029637
12431.536 -0.16264542
12431.943 -0.16499447
12432.35 -0.16734351
12432.757 -0.16969256
12433.164 -0.1716979
12433.571 -0.17337384
12433.978 -0.17504979
12434.385 -0.17672574
12434.791 -0.17840168
12435.198 -0.17997325
12435.605 -0.1814599
12436.012 -0.18294655
12436.419 -0.1844332
12436.826 -0.18591985
12437.233 -0.18749005
12437.64 -0.18911779
12438.047 -0.19074554
12438.454 -0.19237328
12438.861 -0.19400102
12439.268 -0.19562245
12439.674 -0.19724023
12440.081 -0.19885801
12440.488 -0.20047579
12440.895 -0.20209356
12441.302 -0.20351786
12441.709 -0.20484843
12442.116 -0.20617901
12442.523 -0.20750958
12442.93 -0.20884016
12443.337 -0.20993595
12443.744 -0.2109379
12444.151 -0.21193985
12444.557 -0.2129418
12444.964 -0.21394375
12445.371 -0.21460291
12445.778 -0.21515095
12446.185 -0.215699
12446.592 -0.21624704
12446.999 -0.21679509
12447.406 -0.21710247
12447.813 -0.21734817
12448.22 -0.21759387
12448.627 -0.21783957
12449.034 -0.21808527
12449.44 -0.21861135
12449.847 -0.21919213
12450.254 -0.21977292
12450.661 -0.2203537
12451.068 -0.22093448
12451.475 -0.22227041
12451.882 -0.22371174
12452.289 -0.22515307
12452.696 -0.2265944
12453.103 -0.22803572
12453.51 -0.23030833
12453.917 -0.23265491
12454.323 -0.23500149
12454.73 -0.23734807
12455.137 -0.23969466
12455.544 -0.24267013
12455.951 -0.24567246
12456.358 -0.24867479
12456.765 -0.25167712
12457.172 -0.25467945
12457.579 -0.25781536
12457.986 -0.2609513
12458.393 -0.26408724
12458.8 -0.26722318
12459.207 -0.27034136
12459.613 -0.27303959
12460.02 -0.27573782
12460.427 -0.27843605
12460.834 -0.28113428
12461.241 -0.28376797
12461.648 -0.28567268
12462.055 -0.2875774
12462.462 -0.28948211
12462.869 -0.29138683
12463.276 -0.29318558
12463.683 -0.29422246
12464.09 -0.29525933
12464.496 -0.29629621
12464.903 -0.29733309
12465.31 -0.29828009
12465.717 -0.29876517
12466.124 -0.29925024
12466.531 -0.29973531
12466.938 -0.30022039
12467.345 -0.30069178
12467.752 -0.30110966
12468.159 -0.30152755
12468.566 -0.30194544
12468.973 -0.30236332
12469.379 -0.30281401
12469.786 -0.30336609
12470.193 -0.30391818
12470.6 -0.30447027
12471.007 -0.30502235
12471.414 -0.30557499
12471.821 -0.30612902
12472.228 -0.30668305
12472.635 -0.30723708
12473.042 -0.30779111
12473.449 -0.30824646
12473.856 -0.30849775
12474.262 -0.30874903
12474.669 -0.30900032
12475.076 -0.3092516
12475.483 -0.30925213
12475.89 -0.3088196
12476.297 -0.30838707
12476.704 -0.30795454
12477.111 -0.307522
12477.518 -0.30677458
12477.925 -0.30556923
12478.332 -0.30436389
12478.739 -0.30315854
12479.145 -0.3019532
12479.552 -0.30054971
12479.959 -0.29890229
12480.366 -0.29725488
12480.773 -0.29560747
12481.18 -0.29396005
12481.587 -0.29229111
12481.994 -0.29059968
12482.401 -0.28890824
12482.808 -0.28721681
12483.215 -0.28552537
12483.622 -0.28400881
12484.028 -0.28264748
12484.435 -0.28128615
12484.842 -0.27992482
12485.249 -0.27856349
12485.656 -0.27745975
12486.063 -0.27654991
12486.47 -0.27564007
12486.877 -0.27473023
12487.284 -0.27382039
12487.691 -0.27300028
12488.098 -0.27223724
12488.505 -0.2714742
12488.911 -0.27071115
12489.318 -0.26994811
12489.725 -0.26898923
12490.132 -0.26792583
12490.539 -0.26686244
12490.946 -0.26579905
12491.353 -0.26473566
12491.76 -0.26327155
12492.167 -0.26162978
12492.574 -0.25998801
12492.981 -0.25834623
12493.388 -0.25670446
12493.795 -0.2547429
12494.201 -0.25266521
12494.608 -0.25058751
12495.015 -0.24850982
12495.422 -0.24643212
12495.829 -0.24431574
12496.236 -0.24218809
12496.643 -0.24006043
12497.05 -0.23793278
12497.457 -0.23580512
12497.864 -0.233868
12498.271 -0.23197409
12498.678 -0.23008018
12499.084 -0.22818627
12499.491 -0.22629236
12499.898 -0.22478046
12500.305 -0.22333289
12500.712 -0.22188532
12501.119 -0.22043775
12501.526 -0.21899018
12501.933 -0.21801071
12502.34 -0.21708521
12502.747 -0.2161597
12503.154 -0.2152342
12503.561 -0.21430869
12503.967 -0.2135926
12504.374 -0.21289048
12504.781 -0.21218837
12505.188 -0.21148626
12505.595 -0.21078415
12506.002 -0.20976971
12506.409 -0.20874831
12506.816 -0.2077269
12507.223 -0.2067055
12507.63 -0.20567196
12508.037 -0.20400985
12508.444 -0.20234775
12508.85 -0.20068564
12509.257 -0.19902354
12509.664 -0.19732855
12510.071 -0.19511568
12510.478 -0.1929028
12510.885 -0.19068993
12511.292 -0.18847706
12511.699 -0.18622715
12512.106 -0.18364565
12512.513 -0.18106414
12512.92 -0.17848264
12513.327 -0.17590114
12513.733 -0.17328755
12514.14 -0.1704789
12514.547 -0.16767024
12514.954 -0.16486158
12515.361 -0.16205293
12515.768 -0.15925988
12516.175 -0.15653701
12516.582 -0.15381413
12516.989 -0.15109126
12517.396 -0.14836839
12517.803 -0.14570928
12518.21 -0.14327264
12518.616 -0.14083601
12519.023 -0.13839937
12519.43 -0.13596274
12519.837 -0.13355822
12520.244 -0.13124346
12520.651 -0.1289287
12521.058 -0.12661394
12521.465 -0.12429918
12521.872 -0.12197106
12522.279 -0.11961237
12522.686 -0.11725368
12523.093 -0.114895
12523.499 -0.11253631
12523.906 -0.11015775
12524.313 -0.10774148
12524.72 -0.10532521
12525.127 -0.10290894
12525.534 -0.10049267
12525.941 -0.098153092
12526.348 -0.095935606
12526.755 -0.09371812
12527.162 -0.091500634
12527.569 -0.089283149
12527.976 -0.087263539
12528.383 -0.085509915
12528.789 -0.083756292
12529.196 -0.082002668
12529.603 -0.080249044
12530.01 -0.078728529
12530.417 -0.077473694
12530.824 -0.076218859
12531.231 -0.074964024
12531.638 -0.073709189
12532.045 -0.072716864
12532.452 -0.071978663
12532.859 -0.071240463
12533.266 -0.070502262
12533.672 -0.069764061
12534.079 -0.069274546
12534.486 -0.068989423
12534.893 -0.068704301
12535.3 -0.068419178
12535.707 -0.068134055
12536.114 -0.067933739
12536.521 -0.067792442
12536.928 -0.067651145
12537.335 -0.067509848
12537.742 -0.067368551
12538.149 -0.067172133
12538.555 -0.0669434
12538.962 -0.066714667
12539.369 -0.066485934
12539.776 -0.066257201
12540.183 -0.065982681
12540.59 -0.065685729
12540.997 -0.065388778
12541.404 -0.065091826
12541.811 -0.064794874
12542.218 -0.064482182
12542.625 -0.064163122
12543.032 -0.063844062
12543.438 -0.063525002
12543.845 -0.063205942
12544.252 -0.062907735
12544.659 -0.062616378
12545.066 -0.062325022
12545.473 -0.062033665
12545.88 -0.061742309
12546.287 -0.061484787
12546.694 -0.061236072
12547.101 -0.060987357
12547.508 -0.060738641
12547.915 -0.060489926
12548.321 -0.060276116
12548.728 -0.060069242
12549.135 -0.059862368
12549.542 -0.059655494
12549.949 -0.059448619
12550.356 -0.059275531
12550.763 -0.059107269
12551.17 -0.058939007
12551.577 -0.058770745
12551.984 -0.058602483
12552.391 -0.058401019
12552.798 -0.058196501
12553.204 -0.057991984
12553.611 -0.057787466
12554.018 -0.057582948
12554.425 -0.057269854
12554.832 -0.056951825
12555.239 -0.056633795
12555.646 -0.056315766
12556.053 -0.055997737
12556.46 -0.05556199
12556.867 -0.055125922
12557.274 -0.054689855
12557.681 -0.054253788
12558.087 -0.053813279
12558.494 -0.053260505
12558.901 -0.052707731
12559.308 -0.052154957
12559.715 -0.051602183
12560.122 -0.051039588
12560.529 -0.050362227
12560.936 -0.049684867
12561.343 -0.049007506
12561.75 -0.048330145
12562.157 -0.047643014
12562.564 -0.04688395
12562.97 -0.046124886
12563.377 -0.045365823
12563.784 -0.044606759
12564.191 -0.043846284
12564.598 -0.043078416
12565.005 -0.042310548
12565.412 -0.04154268
12565.819 -0.040774812
12566.226 -0.040011227
12566.633 -0.039264655
12567.04 -0.038518083
12567.447 -0.037771511
12567.854 -0.037024939
12568.26 -0.036284581
12568.667 -0.035563698
12569.074 -0.034842814
12569.481 -0.03412193
12569.888 -0.033401047
12570.295 -0.032687394
12570.702 -0.031992091
12571.109 -0.031296789
12571.516 -0.030601486
12571.923 -0.029906183
12572.33 -0.029234451
12572.737 -0.028612028
12573.143 -0.027989605
12573.55 -0.027367183
12573.957 -0.02674476
12574.364 -0.026169651
12574.771 -0.025677148
12575.178 -0.025184644
12575.585 -0.024692141
12575.992 -0.024199638
12576.399 -0.023775152
12576.806 -0.023450616
12577.213 -0.023126079
12577.62 -0.022801543
12578.026 -0.022477007
12578.433 -0.022239952
12578.84 -0.022111688
12579.247 -0.021983425
12579.654 -0.021855161
12580.061 -0.021726898
12580.468 -0.021694116
12580.875 -0.021762125
12581.282 -0.021830135
12581.689 -0.021898144
12582.096 -0.021966154
12582.503 -0.022112338
12582.909 -0.02232862
12583.316 -0.022544901
12583.723 -0.022761183
12584.13 -0.022977464
12584.537 -0.023237112
12584.944 -0.023529742
12585.351 -0.023822372
12585.758 -0.024115002
12586.165 -0.024407632
12586.572 -0.024712125
12586.979 -0.02502424
12587.386 -0.025336356
12587.792 -0.025648472
12588.199 -0.025960587
12588.606 -0.026263941
12589.013 -0.026562568
12589.42 -0.026861195
12589.827 -0.027159822
12590.234 -0.027458448
12590.641 -0.027743982
12591.048 -0.028023641
12591.455 -0.0283033
12591.862 -0.028582959
12592.269 -0.028862618
12592.675 -0.029108932
12593.082 -0.02934298
12593.489 -0.029577028
12593.896 -0.029811076
12594.303 -0.030045124
12594.71 -0.030231976
12595.117 -0.030404874
12595.524 -0.030577773
12595.931 -0.030750672
12596.338 -0.030923571
12596.745 -0.031024563
12597.152 -0.031108971
12597.558 -0.03119338
12597.965 -0.031277788
12598.372 -0.031362196
12598.779 -0.031356932
12599.186 -0.031336257
12599.593 -0.031315583
12600 -0.031294909
12600.407 -0.031274235
12600.814 -0.031214326
12601.221 -0.031149771
12601.628 -0.031085216
12602.035 -0.031020661
12602.442 -0.030956106
12602.848 -0.030913561
12603.255 -0.030872549
12603.662 -0.030831537
12604.069 -0.030790525
12604.476 -0.030749513
12604.883 -0.0307598
12605.29 -0.030771366
12605.697 -0.030782933
12606.104 -0.030794499
12606.511 -0.030807538
12606.918 -0.030908748
12607.325 -0.031009957
12607.731 -0.031111167
12608.138 -0.031212377
12608.545 -0.031319316
12608.952 -0.031520721
12609.359 -0.031722126
12609.766 -0.031923532
12610.173 -0.032124937
12610.58 -0.032330871
12610.987 -0.032578519
12611.394 -0.032826166
12611.801 -0.033073814
12612.208 -0.033321462
12612.614 -0.033573758
12613.021 -0.033854916
12613.428 -0.034136075
12613.835 -0.034417233
12614.242 -0.034698392
12614.649 -0.034987507
12615.056 -0.035313
12615.463 -0.035638493
12615.87 -0.035963986
12616.277 -0.036289479
12616.684 -0.036621957
12617.091 -0.036979163
12617.497 -0.03733637
12617.904 -0.037693576
12618.311 -0.038050783
12618.718 -0.038412364
12619.125 -0.038786332
12619.532 -0.0391603
12619.939 -0.039534268
12620.346 -0.039908236
12620.753 -0.040269913
12621.16 -0.040603149
12621.567 -0.040936386
12621.974 -0.041269623
12622.38 -0.04160286
12622.787 -0.041899595
12623.194 -0.04212627
12623.601 -0.042352945
12624.008 -0.042579621
12624.415 -0.042806296
12624.822 -0.042985979
12625.229 -0.043090059
12625.636 -0.043194138
12626.043 -0.043298218
12626.45 -0.043402297
12626.857 -0.043459442
12627.263 -0.043452845
12627.67 -0.043446247
12628.077 -0.04343965
12628.484 -0.043433053
12628.891 -0.043387581
12629.298 -0.043297353
12629.705 -0.043207124
12630.112 -0.043116896
12630.519 -0.043026668
12630.926 -0.042924737
12631.333 -0.042811364
12631.74 -0.04269799
12632.146 -0.042584616
12632.553 -0.042471242
12632.96 -0.042367116
12633.367 -0.042270667
12633.774 -0.042174218
12634.181 -0.042077769
12634.588 -0.04198132
12634.995 -0.041896739
12635.402 -0.041820504
12635.809 -0.041744269
12636.216 -0.041668034
12636.623 -0.041591798
12637.03 -0.041531989
12637.436 -0.041481914
12637.843 -0.041431839
12638.25 -0.041381764
12638.657 -0.041331689
12639.064 -0.041298163
12639.471 -0.041272838
12639.878 -0.041247513
12640.285 -0.041222188
12640.692 -0.041196863
12641.099 -0.04118572
12641.506 -0.041180387
12641.913 -0.041175054
12642.319 -0.041169721
12642.726 -0.041164387
12643.133 -0.041172206
12643.54 -0.041184405
12643.947 -0.041196604
12644.354 -0.041208803
12644.761 -0.041221002
12645.168 -0.04124203
12645.575 -0.041265392
12645.982 -0.041288754
12646.389 -0.041312116
12646.796 -0.041335478
12647.202 -0.041360152
12647.609 -0.041385091
12648.016 -0.041410031
12648.423 -0.04143497
12648.83 -0.04145991
12649.237 -0.041482179
12649.644 -0.041504058
12650.051 -0.041525937
12650.458 -0.041547816
12650.865 -0.041569695
12651.272 -0.041587801
12651.679 -0.041605549
12652.085 -0.041623296
12652.492 -0.041641044
12652.899 -0.041658792
12653.306 -0.041671923
12653.713 -0.041684832
12654.12 -0.041697741
12654.527 -0.04171065
12654.934 -0.041723559
12655.341 -0.041732656
12655.748 -0.041741734
12656.155 -0.041750812
12656.562 -0.04175989
12656.968 -0.041768854
12657.375 -0.041774737
12657.782 -0.04178062
12658.189 -0.041786504
12658.596 -0.041792387
12659.003 -0.041798025
12659.41 -0.041800705
12659.817 -0.041803385
12660.224 -0.041806065
12660.631 -0.041808745
12661.038 -0.041811144
12661.445 -0.041811423
12661.851 -0.041811703
12662.258 -0.041811983
12662.665 -0.041812262
12663.072 -0.041811537
12663.479 -0.041805451
12663.886 -0.041799364
12664.293 -0.041793277
12664.7 -0.041787191
12665.107 -0.041778893
12665.514 -0.04176167
12665.921 -0.041744448
12666.328 -0.041727226
12666.734 -0.041710004
12667.141 -0.041690119
12667.548 -0.041661776
12667.955 -0.041633432
12668.362 -0.041605088
12668.769 -0.041576745
12669.176 -0.041544157
12669.583 -0.041500665
12669.99 -0.041457172
12670.397 -0.04141368
12670.804 -0.041370188
12671.211 -0.041312628
12671.617 -0.041225298
12672.024 -0.041137969
12672.431 -0.041050639
12672.838 -0.04096331
12673.245 -0.040853119
12673.652 -0.040702579
12674.059 -0.040552039
12674.466 -0.040401498
12674.873 -0.040250958
12675.28 -0.040077117
12675.687 -0.039868674
12676.094 -0.039660232
12676.501 -0.039451789
12676.907 -0.039243347
12677.314 -0.039009475
12677.721 -0.038743655
12678.128 -0.038477835
12678.535 -0.038212015
12678.942 -0.037946196
12679.349 -0.037655622
12679.756 -0.037338655
12680.163 -0.037021687
12680.57 -0.036704719
12680.977 -0.036387752
12681.384 -0.036060149
12681.79 -0.035722914
12682.197 -0.035385678
12682.604 -0.035048443
12683.011 -0.034711207
12683.418 -0.034379744
12683.825 -0.034052717
12684.232 -0.033725689
12684.639 -0.033398662
12685.046 -0.033071634
12685.453 -0.032759012
12685.86 -0.032455746
12686.267 -0.03215248
12686.673 -0.031849214
12687.08 -0.031545948
12687.487 -0.031274049
12687.894 -0.031019264
12688.301 -0.030764478
12688.708 -0.030509692
12689.115 -0.030254906
12689.522 -0.030046423
12689.929 -0.029858958
12690.336 -0.029671493
12690.743 -0.029484029
12691.15 -0.029296564
12691.556 -0.029177825
12691.963 -0.029084693
12692.37 -0.02899156
12692.777 -0.028898428
12693.184 -0.028805295
12693.591 -0.028799638
12693.998 -0.028820211
12694.405 -0.028840784
12694.812 -0.028861358
12695.219 -0.028881931
12695.626 -0.028983622
12696.033 -0.029104332
12696.439 -0.029225041
12696.846 -0.02934575
12697.253 -0.02946646
12697.66 -0.029650451
12698.067 -0.029845536
12698.474 -0.030040621
12698.881 -0.030235707
12699.288 -0.030430792
12699.695 -0.030671484
12700.102 -0.03091772
12700.509 -0.031163956
12700.916 -0.031410192
12701.322 -0.031656428
12701.729 -0.031915713
12702.136 -0.032175945
12702.543 -0.032436176
12702.95 -0.032696408
12703.357 -0.032956639
12703.764 -0.033193885
12704.171 -0.033430497
12704.578 -0.033667108
12704.985 -0.03390372
12705.392 -0.034139802
12705.799 -0.034338397
12706.205 -0.034536991
12706.612 -0.034735585
12707.019 -0.034934179
12707.426 -0.035129343
12707.833 -0.035265187
12708.24 -0.035401031
12708.647 -0.035536875
12709.054 -0.035672719
12709.461 -0.035800036
12709.868 -0.035846523
12710.275 -0.035893011
12710.682 -0.035939498
12711.089 -0.035985986
12711.495 -0.03601878
12711.902 -0.035964731
12712.309 -0.035910681
12712.716 -0.035856631
12713.123 -0.035802582
12713.53 -0.035731645
12713.937 -0.035582171
12714.344 -0.035432697
12714.751 -0.035283222
12715.158 -0.035133748
12715.565 -0.034966636
12715.972 -0.034736151
12716.378 -0.034505667
12716.785 -0.034275183
12717.192 -0.034044698
12717.599 -0.033799802
12718.006 -0.033513566
12718.413 -0.033227329
12718.82 -0.032941093
12719.227 -0.032654856
12719.634 -0.032360557
12720.041 -0.032047376
12720.448 -0.031734196
12720.855 -0.031421016
12721.261 -0.031107835
12721.668 -0.030794307
12722.075 -0.030480103
12722.482 -0.030165899
12722.889 -0.029851696
12723.296 -0.029537492
12723.703 -0.029230614
12724.11 -0.028935648
12724.517 -0.028640682
12724.924 -0.028345716
12725.331 -0.02805075
12725.738 -0.027766483
12726.144 -0.027496896
12726.551 -0.02722731
12726.958 -0.026957724
12727.365 -0.026688138
12727.772 -0.026430281
12728.179 -0.026186065
12728.586 -0.025941849
12728.993 -0.025697633
12729.4 -0.025453418
12729.807 -0.025227907
12730.214 -0.025020873
12730.621 -0.024813839
12731.027 -0.024606805
12731.434 -0.024399772
12731.841 -0.024219957
12732.248 -0.024062971
12732.655 -0.023905986
12733.062 -0.023749001
12733.469 -0.023592015
12733.876 -0.023465515
12734.283 -0.023360676
12734.69 -0.023255837
12735.097 -0.023150998
12735.504 -0.023046159
12735.91 -0.022975167
12736.317 -0.022924451
12736.724 -0.022873734
12737.131 -0.022823018
12737.538 -0.022772302
12737.945 -0.022758228
12738.352 -0.022762517
12738.759 -0.022766807
12739.166 -0.022771097
12739.573 -0.022775387
12739.98 -0.022810534
12740.387 -0.022858476
12740.793 -0.022906418
12741.2 -0.022954359
12741.607 -0.023002301
12742.014 -0.023067968
12742.421 -0.023139618
12742.828 -0.023211267
12743.235 -0.023282917
12743.642 -0.023354566
12744.049 -0.023433939
12744.456 -0.023515384
12744.863 -0.023596829
12745.27 -0.023678274
12745.677 -0.02375972
12746.083 -0.023842589
12746.49 -0.023925751
12746.897 -0.024008914
12747.304 -0.024092076
12747.711 -0.024175239
12748.118 -0.024258424
12748.525 -0.024341613
12748.932 -0.024424802
12749.339 -0.024507991
12749.746 -0.02459118
12750.153 -0.024665534
12750.56 -0.024739049
12750.966 -0.024812563
12751.373 -0.024886078
12751.78 -0.024959592
12752.187 -0.025016281
12752.594 -0.025072158
12753.001 -0.025128035
12753.408 -0.025183911
12753.815 -0.025239788
12754.222 -0.025270092
12754.629 -0.02530026
12755.036 -0.025330428
12755.443 -0.025360596
12755.849 -0.025389539
12756.256 -0.025385188
12756.663 -0.025380838
12757.07 -0.025376487
12757.477 -0.025372137
12757.884 -0.025364841
12758.291 -0.025321862
12758.698 -0.025278882
12759.105 -0.025235903
12759.512 -0.025192924
12759.919 -0.025146127
12760.326 -0.025070519
12760.732 -0.024994911
12761.139 -0.024919304
12761.546 -0.024843696
12761.953 -0.024764222
12762.36 -0.024664109
12762.767 -0.024563996
12763.174 -0.024463883
12763.581 -0.02436377
12763.988 -0.024259977
12764.395 -0.024141328
12764.802 -0.02402268
12765.209 -0.023904032
12765.615 -0.023785383
12766.022 -0.023663658
12766.429 -0.023532154
12766.836 -0.023400649
12767.243 -0.023269144
12767.65 -0.023137639
12768.057 -0.023003452
12768.464 -0.02286237
12768.871 -0.022721288
12769.278 -0.022580205
12769.685 -0.022439123
12770.092 -0.022298984
12770.498 -0.02216084
12770.905 -0.022022697
12771.312 -0.021884554
12771.719 -0.021746411
12772.126 -0.021610032
12772.533 -0.02147677
12772.94 -0.021343508
12773.347 -0.021210246
12773.754 -0.021076984
12774.161 -0.020938411
12774.568 -0.020791948
12774.975 -0.020645485
12775.381 -0.020499023
12775.788 -0.02035256
12776.195 -0.020196468
12776.602 -0.020028275
12777.009 -0.019860082
12777.416 -0.019691888
12777.823 -0.019523695
12778.23 -0.019347653
12778.637 -0.019163239
12779.044 -0.018978826
12779.451 -0.018794412
12779.858 -0.018609999
12780.264 -0.018413938
12780.671 -0.018207325
12781.078 -0.018000713
12781.485 -0.0177941
12781.892 -0.017587487
12782.299 -0.017367449
12782.706 -0.017137093
12783.113 -0.016906736
12783.52 -0.01667638
12783.927 -0.016446024
12784.334 -0.016213486
12784.741 -0.01597953
12785.148 -0.015745574
12785.554 -0.015511618
12785.961 -0.015277662
12786.368 -0.015050937
12786.775 -0.014828157
12787.182 -0.014605378
12787.589 -0.014382598
12787.996 -0.014159819
12788.403 -0.013941761
12788.81 -0.013725848
12789.217 -0.013509934
12789.624 -0.013294021
12790.031 -0.013078107
12790.437 -0.012861305
12790.844 -0.012644172
12791.251 -0.012427039
12791.658 -0.012209906
12792.065 -0.011992773
12792.472 -0.011778384
12792.879 -0.011564819
12793.286 -0.011351254
12793.693 -0.011137689
12794.1 -0.010924124
12794.507 -0.010728413
12794.914 -0.010536891
12795.32 -0.010345368
12795.727 -0.010153846
12796.134 -0.0099623232
12796.541 -0.0097926139
12796.948 -0.0096267303
12797.355 -0.0094608467
12797.762 -0.0092949631
12798.169 -0.0091290795
12798.576 -0.008978559
12798.983 -0.0088299073
12799.39 -0.0086812557
12799.797 -0.008532604
12800.203 -0.0083839523
12800.61 -0.0082529404
12801.017 -0.008123209
12801.424 -0.0079934777
12801.831 -0.0078637463
12802.238 -0.0077340149
12802.645 -0.0076180311
12803.052 -0.0075024275
12803.459 -0.0073868239
12803.866 -0.0072712203
12804.273 -0.0071557205
12804.68 -0.0070476116
12805.086 -0.0069395027
12805.493 -0.0068313938
12805.9 -0.0067232849
12806.307 -0.0066161567
12806.714 -0.0065260056
12807.121 -0.0064358544
12807.528 -0.0063457033
12807.935 -0.0062555522
12808.342 -0.0061686341
12808.749 -0.006112381
12809.156 -0.0060561278
12809.563 -0.0059998747
12809.969 -0.0059436215
12810.376 -0.0058930651
12810.783 -0.0058786562
12811.19 -0.0058642473
12811.597 -0.0058498384
12812.004 -0.0058354295
12812.411 -0.0058288086
12812.818 -0.0058584232
12813.225 -0.0058880378
12813.632 -0.0059176524
12814.039 -0.005947267
12814.446 -0.0059837059
12814.852 -0.006044672
12815.259 -0.006105638
12815.666 -0.0061666041
12816.073 -0.0062275702
12816.48 -0.0062936549
12816.887 -0.0063744272
12817.294 -0.0064551995
12817.701 -0.0065359718
12818.108 -0.0066167442
12818.515 -0.0067039151
12818.922 -0.006806073
12819.329 -0.0069082309
12819.736 -0.0070103888
12820.142 -0.0071125468
12820.549 -0.0072213727
12820.956 -0.0073431443
12821.363 -0.0074649159
12821.77 -0.0075866876
12822.177 -0.0077084592
12822.584 -0.007836829
12822.991 -0.0079759307
12823.398 -0.0081150325
12823.805 -0.0082541342
12824.212 -0.008393236
12824.619 -0.0085343035
12825.025 -0.0086780689
12825.432 -0.0088218343
12825.839 -0.0089655997
12826.246 -0.0091093651
12826.653 -0.0092446822
12827.06 -0.0093701715
12827.467 -0.0094956609
12827.874 -0.0096211502
12828.281 -0.0097466396
12828.688 -0.0098531748
12829.095 -0.009940984
12829.502 -0.010028793
12829.908 -0.010116603
12830.315 -0.010204412
12830.722 -0.010266813
12831.129 -0.010307899
12831.536 -0.010348984
12831.943 -0.01039007
12832.35 -0.010431155
12832.757 -0.010444988
12833.164 -0.010439452
12833.571 -0.010433917
12833.978 -0.010428381
12834.385 -0.010422845
12834.791 -0.010396076
12835.198 -0.010356584
12835.605 -0.010317092
12836.012 -0.010277601
12836.419 -0.010238109
12836.826 -0.010187524
12837.233 -0.010131379
12837.64 -0.010075234
12838.047 -0.010019089
12838.454 -0.0099629444
12838.861 -0.0099025566
12839.268 -0.0098404092
12839.674 -0.0097782618
12840.081 -0.0097161145
12840.488 -0.0096539671
12840.895 -0.0095918851
12841.302 -0.0095298252
12841.709 -0.0094677653
12842.116 -0.0094057055
12842.523 -0.0093436456
12842.93 -0.009281737
12843.337 -0.0092198691
12843.744 -0.0091580012
12844.151 -0.0090961333
12844.557 -0.0090342654
12844.964 -0.0089725609
12845.371 -0.0089108902
12845.778 -0.0088492194
12846.185 -0.0087875487
12846.592 -0.0087258779
12846.999 -0.0086644779
12847.406 -0.0086031183
12847.813 -0.0085417588
12848.22 -0.0084803992
12848.627 -0.0084190397
12849.034 -0.0083635327
12849.44 -0.0083085998
12849.847 -0.0082536669
12850.254 -0.0081987339
12850.661 -0.008143801
12851.068 -0.0081008837
12851.475 -0.0080585797
12851.882 -0.0080162756
12852.289 -0.0079739716
12852.696 -0.0079316676
12853.103 -0.0079027647
12853.51 -0.0078739671
12853.917 -0.0078451695
12854.323 -0.007816372
12854.73 -0.0077880421
12855.137 -0.0077734298
12855.544 -0.0077588175
12855.951 -0.0077442052
12856.358 -0.0077295929
12856.765 -0.0077160183
12857.172 -0.0077154778
12857.579 -0.0077149374
12857.986 -0.007714397
12858.393 -0.0077138566
12858.8 -0.0077142487
12859.207 -0.0077218521
12859.613 -0.0077294555
12860.02 -0.0077370589
12860.427 -0.0077446623
12860.834 -0.0077526311
12861.241 -0.0077625884
12861.648 -0.0077725457
12862.055 -0.007782503
12862.462 -0.0077924603
12862.869 -0.0078027463
12863.276 -0.0078143806
12863.683 -0.007826015
12864.09 -0.0078376493
12864.496 -0.0078492836
12864.903 -0.0078611536
12865.31 -0.007873783
12865.717 -0.0078864125
12866.124 -0.0078990419
12866.531 -0.0079116713
12866.938 -0.0079245782
12867.345 -0.0079382074
12867.752 -0.0079518365
12868.159 -0.0079654657
12868.566 -0.0079790948
12868.973 -0.0079929827
12869.379 -0.0080074247
12869.786 -0.0080218667
12870.193 -0.0080363087
12870.6 -0.0080507507
12871.007 -0.0080651983
12871.414 -0.0080796557
12871.821 -0.0080941131
12872.228 -0.0081085705
12872.635 -0.008123028
12873.042 -0.0081369807
12873.449 -0.0081501758
12873.856 -0.008163371
12874.262 -0.0081765661
12874.669 -0.0081897612
12875.076 -0.008201422
12875.483 -0.0082111349
12875.89 -0.0082208477
12876.297 -0.0082305606
12876.704 -0.0082402735
12877.111 -0.0082470337
12877.518 -0.0082506129
12877.925 -0.0082541922
12878.332 -0.0082577714
12878.739 -0.0082613507
12879.145 -0.0082610469
12879.552 -0.0082571896
12879.959 -0.0082533324
12880.366 -0.0082494751
12880.773 -0.0082456178
12881.18 -0.0082374576
12881.587 -0.0082259562
12881.994 -0.0082144549
12882.401 -0.0082029535
12882.808 -0.0081914522
12883.215 -0.0081750146
12883.622 -0.0081553363
12884.028 -0.008135658
12884.435 -0.0081159797
12884.842 -0.0080963014
12885.249 -0.0080716356
12885.656 -0.0080442182
12886.063 -0.0080168008
12886.47 -0.0079893834
12886.877 -0.007961966
12887.284 -0.0079306639
12887.691 -0.0078975772
12888.098 -0.0078644905
12888.505 -0.0078314039
12888.911 -0.0077983172
12889.318 -0.0077620546
12889.725 -0.0077245933
12890.132 -0.007687132
12890.539 -0.0076496707
12890.946 -0.0076122094
12891.353 -0.0075717792
12891.76 -0.0075304458
12892.167 -0.0074891124
12892.574 -0.007447779
12892.981 -0.0074064456
12893.388 -0.0073632052
12893.795 -0.0073195103
12894.201 -0.0072758154
12894.608 -0.0072321204
12895.015 -0.0071884255
12895.422 -0.0071455463
12895.829 -0.007102813
12896.236 -0.0070600798
12896.643 -0.0070173465
12897.05 -0.0069746132
12897.457 -0.0069355983
12897.864 -0.0068970475
12898.271 -0.0068584967
12898.678 -0.006819946
12899.084 -0.0067813952
12899.491 -0.00675262
12899.898 -0.0067245829
12900.305 -0.0066965458
12900.712 -0.0066685087
12901.119 -0.0066404716
12901.526 -0.0066285122
12901.933 -0.0066170403
12902.34 -0.0066055685
12902.747 -0.0065940966
12903.154 -0.0065828355
12903.561 -0.0065899546
12903.967 -0.0065970738
12904.374 -0.006604193
12904.781 -0.0066113121
12905.188 -0.0066194123
12905.595 -0.006645361
12906.002 -0.0066713097
12906.409 -0.0066972584
12906.816 -0.0067232071
12907.223 -0.0067508225
12907.63 -0.0067947183
12908.037 -0.006838614
12908.444 -0.0068825098
12908.85 -0.0069264056
12909.257 -0.006972018
12909.664 -0.0070287602
12910.071 -0.0070855024
12910.478 -0.0071422446
12910.885 -0.0071989867
12911.292 -0.0072569229
12911.699 -0.0073205116
12912.106 -0.0073841003
12912.513 -0.007447689
12912.92 -0.0075112777
12913.327 -0.0075758849
12913.733 -0.0076442072
12914.14 -0.0077125296
12914.547 -0.007780852
12914.954 -0.0078491744
12915.361 -0.0079178208
12915.768 -0.0079874093
12916.175 -0.0080569978
12916.582 -0.0081265862
12916.989 -0.0081961747
12917.396 -0.0082651432
12917.803 -0.008332642
12918.21 -0.0084001408
12918.616 -0.0084676396
12919.023 -0.0085351384
12919.43 -0.0085997557
12919.837 -0.0086587155
12920.244 -0.0087176754
12920.651 -0.0087766353
12921.058 -0.0088355952
12921.465 -0.0088886708
12921.872 -0.0089320729
12922.279 -0.0089754749
12922.686 -0.009018877
12923.093 -0.009062279
12923.499 -0.0090961974
12923.906 -0.0091169644
12924.313 -0.0091377313
12924.72 -0.0091584983
12925.127 -0.0091792653
12925.534 -0.0091879191
12925.941 -0.0091823388
12926.348 -0.0091767584
12926.755 -0.0091711781
12927.162 -0.0091655977
12927.569 -0.0091470354
12927.976 -0.0091155176
12928.383 -0.0090839998
12928.789 -0.009052482
12929.196 -0.0090209642
12929.603 -0.0089775697
12930.01 -0.0089241099
12930.417 -0.0088706501
12930.824 -0.0088171903
12931.231 -0.0087637305
12931.638 -0.0087015261
12932.045 -0.0086330422
12932.452 -0.0085645583
12932.859 -0.0084960745
12933.266 -0.0084275906
12933.672 -0.0083542648
12934.079 -0.0082780066
12934.486 -0.0082017484
12934.893 -0.0081254902
12935.3 -0.008049232
12935.707 -0.0079725143
12936.114 -0.0078955637
12936.521 -0.0078186132
12936.928 -0.0077416626
12937.335 -0.007664712
12937.742 -0.0075884853
12938.149 -0.0075125624
12938.555 -0.0074366395
12938.962 -0.0073607166
12939.369 -0.0072847938
12939.776 -0.0072081792
12940.183 -0.0071313279
12940.59 -0.0070544767
12940.997 -0.0069776255
12941.404 -0.0069007742
12941.811 -0.0068222931
12942.218 -0.0067433679
12942.625 -0.0066644426
12943.032 -0.0065855174
12943.438 -0.0065065922
12943.845 -0.0064311112
12944.252 -0.0063563526
12944.659 -0.006281594
12945.066 -0.0062068354
12945.473 -0.0061320768
12945.88 -0.006060988
12946.287 -0.0059904602
12946.694 -0.0059199324
12947.101 -0.0058494047
12947.508 -0.0057788769
12947.915 -0.0057039204
12948.321 -0.005628516
12948.728 -0.0055531117
12949.135 -0.0054777073
12949.542 -0.005402303
12949.949 -0.0053206305
12950.356 -0.0052386207
12950.763 -0.0051566109
12951.17 -0.0050746011
12951.577 -0.0049925913
12951.984 -0.0049052215
12952.391 -0.0048177959
12952.798 -0.0047303703
12953.204 -0.0046429447
12953.611 -0.0045551613
12954.018 -0.0044559914
12954.425 -0.0043568214
12954.832 -0.0042576514
12955.239 -0.0041584814
12955.646 -0.0040583508
12956.053 -0.0039456931
12956.46 -0.0038330354
12956.867 -0.0037203777
12957.274 -0.00360772
12957.681 -0.0034946307
12958.087 -0.0033781182
12958.494 -0.0032616057
12958.901 -0.0031450932
12959.308 -0.0030285807
12959.715 -0.0029127153
12960.122 -0.0028004386
12960.529 -0.002688162
12960.936 -0.0025758853
12961.343 -0.0024636087
12961.75 -0.0023525642
12962.157 -0.0022466549
12962.564 -0.0021407456
12962.97 -0.0020348364
12963.377 -0.0019289271
12963.784 -0.0018245095
12964.191 -0.0017249671
12964.598 -0.0016254248
12965.005 -0.0015258824
12965.412 -0.0014263401
12965.819 -0.0013295554
12966.226 -0.0012400394
12966.633 -0.0011505234
12967.04 -0.0010610073
12967.447 -0.00097149129
12967.854 -0.00088751439
12968.26 -0.00081553767
12968.667 -0.00074356096
12969.074 -0.00067158424
12969.481 -0.00059960752
12969.888 -0.00053450404
12970.295 -0.00048180289
12970.702 -0.00042910174
12971.109 -0.0003764006
12971.516 -0.00032369945
12971.923 -0.0002778125
12972.33 -0.00024226079
12972.737 -0.00020670908
12973.143 -0.00017115737
12973.55 -0.00013560566
12973.957 -0.00010756744
12974.364 -8.9165602e-05
12974.771 -7.0763767e-05
12975.178 -5.2361931e-05
12975.585 -3.3960096e-05
12975.992 -2.201725e-05
12976.399 -1.7103325e-05
12976.806 -1.2189401e-05
12977.213 -7.275476e-06
12977.62 -2.3615515e-06
12978.026 -9.7256883e-10
12978.433 -7.5350194e-10
12978.84 -5.3443504e-10
12979.247 -3.1536815e-10
12979.654 -9.6301258e-11
12980.061 0
12980.468 0
12980.875 0
12981.282 0
12981.689 0
12982.096 0
12982.503 0
12982.909 0
12983.316 0
12983.723 0
12984.13 0
12984.537 0
12984.944 0
12985.351 0
12985.758 0
12986.165 0
12986.572 0
12986.979 0
12987.386 0
12987.792 0
12988.199 0
12988.606 0
12989.013 0
12989.42 0
12989.827 0
12990.234 0
12990.641 0
12991.048 0
12991.455 0
12991.862 0
12992.269 0
12992.675 0
12993.082 0
12993.489 0
12993.896 0
12994.303 0
12994.71 0
12995.117 0
12995.524 0
12995.931 0
12996.338 0
12996.745 0
12997.152 0
12997.558 0
12997.965 0
12998.372 0
12998.779 0
12999.186 0
12999.593 0
13000 0

